

microT-Kernel Version 3.00

Task Tracer 1.00
Copyright (C) 2010-2022 Personal Media Corporation
A:   Server
B:   Vehicle
A+B: Test
Selected: Server
Server Time: 1
Server Time: 2
Server Time: 3
Server Time: 4
Server Time: 5
Possible Departure Time: 6
It's Open Until: 13
Server Time: 6

---------- Reservation ----------
Time   : 9
ID:    : 1
Start  : (0, 0)
Target : (4, 0)
---------------------------------
Server Time: 7
Server Time: 8
Server Time: 9
Server Time: 10
Server Time: 11
Server Time: 12
Server Time: 13
Server Time: 14
Server Time: 15
Server Time: 16
Server Time: 17
Server Time: 18
Server Time: 19
Server Time: 20
Server Time: 21
Server Time: 22
Server Time: 23
Server Time: 24
Server Time: 25

---------- Reservation ----------
Time   : 32
ID:    : 1
Start  : (4, 0)
Target : (0, 4)
---------------------------------
Server Time: 26
Server Time: 27
Server Time: 28
Server Time: 29
Server Time: 30
Server Time: 31
Server Time: 32
Server Time: 33
Server Time: 34
Server Time: 35
Server Time: 36
Server Time: 37
Server Time: 38
Server Time: 39
Server Time: 40
Server Time: 41
Server Time: 42
Server Time: 43
Server Time: 44
Server Time: 45
Server Time: 46
Server Time: 47
Server Time: 48
Server Time: 49
Server Time: 50
Server Time: 51
Server Time: 52
Server Time: 53
Server Time: 54
Server Time: 55
Server Time: 56
Server Time: 57
Server Time: 58
Server Time: 59
Server Time: 60
Server Time: 61
----
2,0,2,156,0
1,1,0x12b6f
1,9,0xece9
6210,2879390,2,1,1
6210,2896468,6,1,1
6210,2936343,2,1,1
6210,2955968,6,1,1
7210,2852812,2,0,9
7210,4343203,6,9,0
8210,2852812,2,0,9
8210,4343203,6,9,0
9210,2852140,2,0,9
9210,4342578,6,9,0
10210,2852375,2,0,9
10210,4342765,6,9,0
11210,2852375,2,0,9
11210,4342078,6,9,0
12200,2526781,2,0,1
12200,2545156,6,1,0
12200,2564843,2,0,1
12200,6860781,6,1,0
12200,7019906,2,0,1
12200,7038906,6,1,0
12200,7052687,2,0,1
12200,7069781,6,1,0
12200,7109593,2,0,1
12200,7129218,6,1,0
12210,2852437,2,0,9
12210,4342140,6,9,0
12220,3993390,2,0,1
12220,4011781,6,1,0
12220,4031421,2,0,1
12230,7143093,6,1,0
12230,7302218,2,0,1
12230,7321218,6,1,0
12230,7335015,2,0,1
12230,7352093,6,1,0
12230,7391890,2,0,1
12230,7411531,6,1,0
13210,2852375,2,0,9
13210,4342078,6,9,0
14210,2851875,2,0,9
14210,4341578,6,9,0
15210,2852093,2,0,9
15210,4341937,6,9,0
16210,2851703,2,0,9
16210,4428375,6,9,0
17210,2851875,2,0,9
17210,4428609,6,9,0
18210,2852093,2,0,9
18210,4427375,6,9,0
19210,2851656,2,0,9
19210,4428421,6,9,0
20210,2851875,2,0,9
20210,4427125,6,9,0
21210,2851390,2,0,9
21210,4426625,6,9,0
22210,2851656,2,0,9
22210,4426937,6,9,0
23210,2851875,2,0,9
23210,4426437,6,9,0
24210,2851375,2,0,9
24210,4426734,6,9,0
25210,2851656,2,0,9
25210,4426250,6,9,0
26210,2851156,2,0,9
26210,4426546,6,9,0
27210,2851375,2,0,9
27210,4425250,6,9,0
28210,2850953,2,0,9
28210,4426296,6,9,0
29210,2851156,2,0,9
29210,4425062,6,9,0
30210,2851375,2,0,9
30210,4434296,6,9,0
31210,2851375,2,0,9
31210,4432812,6,9,0
31730,5033281,2,0,1
31730,5051656,6,1,0
31730,5071328,2,0,1
31740,8204031,6,1,0
31740,8363859,2,0,1
31740,8382906,6,1,0
31740,8396703,2,0,1
31740,8413781,6,1,0
31740,8453578,2,0,1
31740,8473218,6,1,0
32210,2851156,2,0,9
32210,4432625,6,9,0
33210,2851156,2,0,9
33210,4432625,6,9,0
34210,2851156,2,0,9
34210,4432625,6,9,0
35210,2850515,2,0,9
35210,4432734,6,9,0
36210,2850453,2,0,9
36210,4431875,6,9,0
37210,2850937,2,0,9
37210,4432484,6,9,0
38210,2850937,2,0,9
38210,4431000,6,9,0
39210,2850265,2,0,9
39210,4431000,6,9,0
40210,2850218,2,0,9
40210,4431796,6,9,0
41210,2850218,2,0,9
41210,4430312,6,9,0
42210,2850218,2,0,9
42210,4431109,6,9,0
43210,2850218,2,0,9
43210,4430312,6,9,0
44210,2850218,2,0,9
44210,4430421,6,9,0
45210,2850218,2,0,9
45210,4429625,6,9,0
46210,2850218,2,0,9
46210,4430421,6,9,0
47210,2850218,2,0,9
47210,4428937,6,9,0
48210,2850218,2,0,9
48210,4428937,6,9,0
49210,2850218,2,0,9
49210,4428250,6,9,0
50210,2849578,2,0,9
50210,4428250,6,9,0
51210,2849515,2,0,9
51210,4428984,6,9,0
52210,2849500,2,0,9
52210,4427500,6,9,0
53210,2849500,2,0,9
53210,4428296,6,9,0
54210,2849500,2,0,9
54210,4427500,6,9,0
55210,2849500,2,0,9
55210,4427609,6,9,0
56210,2849718,2,0,9
56210,4427062,6,9,0
57210,2849718,2,0,9
57210,4427171,6,9,0
58210,2849218,2,0,9
58210,4426562,6,9,0
59210,2849218,2,0,9
59210,4425875,6,9,0
60210,2849500,2,0,9
60210,4425328,6,9,0
61210,2849500,2,0,9
61210,4424640,6,9,0
62210,2848828,2,0,9
62210,4424640,6,9,0
63210,2848781,2,0,9
63210,4423953,6,9,0
64210,2848781,2,0,9
64210,4423953,6,9,0
65210,2848781,2,0,9
65210,4423953,6,9,0
66210,2848781,2,0,9
66210,4423265,6,9,0
67210,2848781,2,0,9
67210,4423265,6,9,0
----
Server Time: 62
Server Time: 63
Server Time: 64
