A:   Server
B:   Vehicle
A+B: Test


microT-Kernel Version 3.00

Task Tracer 1.00
Copyright (C) 2010-2022 Personal Media Corporation
A:   Server
B:   Vehicle
A+B: Test
Selected: Server
Server Time: 1
Server Time: 2
Server Time: 3
Server Time: 4
Server Time: 5
Server Time: 6
Server Time: 7
Server Time: 8
Possible Departure Time: 9
It's Open Until: 16

---------- Reservation ----------
Time   : 11
ID:    : 1
Start  : (0, 0)
Target : (4, 0)
---------------------------------
Server Time: 9
Server Time: 10
Server Time: 11
Server Time: 12
Server Time: 13
Server Time: 14
Server Time: 15
Server Time: 16
Server Time: 17
Server Time: 18
Server Time: 19
Server Time: 20
Server Time: 21
Server Time: 22
Server Time: 23
Server Time: 24
Server Time: 25
Server Time: 26
Server Time: 27

---------- Reservation ----------
Time   : 34
ID:    : 1
Start  : (4, 0)
Target : (0, 4)
---------------------------------
Server Time: 28
Server Time: 29
Server Time: 30
Server Time: 31
Server Time: 32
Server Time: 33
Server Time: 34
Server Time: 35
Server Time: 36
Server Time: 37
Server Time: 38
Server Time: 39
Server Time: 40
Server Time: 41
Server Time: 42
Server Time: 43
Server Time: 44
Server Time: 45
Server Time: 46
Server Time: 47
Server Time: 48
Server Time: 49
Server Time: 50
Server Time: 51
Server Time: 52
Server Time: 53
Server Time: 54
Server Time: 55
Server Time: 56
Server Time: 57
Server Time: 58
Server Time: 59
Server Time: 60
Server Time: 61
----
2,0,2,156,0
1,1,0x12b6f
1,9,0xece9
4670,2879390,2,1,1
4670,2896468,6,1,1
4670,2936343,2,1,1
4670,2955968,6,1,1
5670,2852812,2,0,9
5670,4341140,6,9,0
6670,2852375,2,0,9
6670,4340703,6,9,0
7670,2852593,2,0,9
7670,4340265,6,9,0
8670,2852093,2,0,9
8670,4340453,6,9,0
9670,2852375,2,0,9
9670,4340015,6,9,0
10670,2851953,2,0,9
10670,4339640,6,9,0
11670,2852093,2,0,9
11670,4339765,6,9,0
12670,2852375,2,0,9
12670,4339328,6,9,0
12890,6399625,2,0,1
12890,6418031,6,1,0
12890,6437718,2,0,1
12900,750656,6,1,0
12900,909828,2,0,1
12900,928843,6,1,0
12900,942625,2,0,1
12900,959718,6,1,0
12900,999500,2,0,1
12900,1019156,6,1,0
12910,7880125,2,0,1
12910,7898531,6,1,0
12910,7918218,2,0,1
12930,1127468,6,1,0
12930,1287296,2,0,1
12930,1306343,6,1,0
12930,1320140,2,0,1
12930,1337218,6,1,0
12930,1377015,2,0,1
12930,1396656,6,1,0
13670,2852093,2,0,9
13670,4339078,6,9,0
14670,2851703,2,0,9
14670,4424828,6,9,0
15670,2851875,2,0,9
15670,4434000,6,9,0
16670,2851656,2,0,9
16670,4433812,6,9,0
17670,2851656,2,0,9
17670,4434609,6,9,0
18670,2851656,2,0,9
18670,4433125,6,9,0
19670,2851656,2,0,9
19670,4433921,6,9,0
20670,2851656,2,0,9
20670,4433125,6,9,0
21670,2851656,2,0,9
21670,4432437,6,9,0
22670,2851656,2,0,9
22670,4432437,6,9,0
23670,2851656,2,0,9
23670,4432437,6,9,0
24670,2851656,2,0,9
24670,4432546,6,9,0
25670,2851015,2,0,9
25670,4431750,6,9,0
26670,2850953,2,0,9
26670,4432484,6,9,0
27670,2850937,2,0,9
27670,4431000,6,9,0
28670,2850937,2,0,9
28670,4431796,6,9,0
29670,2850937,2,0,9
29670,4431000,6,9,0
30670,2850937,2,0,9
30670,4431109,6,9,0
31670,2850937,2,0,9
31670,4430312,6,9,0
32430,8917906,2,0,1
32430,8936281,6,1,0
32430,8955968,2,0,1
32450,2089906,6,1,0
32450,2249078,2,0,1
32450,2268093,6,1,0
32450,2281890,2,0,1
32450,2298968,6,1,0
32450,2338765,2,0,1
32450,2358406,6,1,0
32670,2851156,2,0,9
32670,4429875,6,9,0
33670,2850515,2,0,9
33670,4429875,6,9,0
34670,2850453,2,0,9
34670,4429125,6,9,0
35670,2850437,2,0,9
35670,4429921,6,9,0
36670,2850437,2,0,9
36670,4429125,6,9,0
37670,2850437,2,0,9
37670,4429234,6,9,0
38670,2850437,2,0,9
38670,4428437,6,9,0
39670,2850437,2,0,9
39670,4428437,6,9,0
40670,2850437,2,0,9
40670,4428546,6,9,0
41670,2850015,2,0,9
41670,4428000,6,9,0
42670,2849953,2,0,9
42670,4428046,6,9,0
43670,2850218,2,0,9
43670,4426875,6,9,0
44670,2850437,2,0,9
44670,4427859,6,9,0
45670,2849937,2,0,9
45670,4426562,6,9,0
46670,2849937,2,0,9
46670,4427359,6,9,0
47670,2850218,2,0,9
47670,4426187,6,9,0
48670,2849718,2,0,9
48670,4425687,6,9,0
49670,2849937,2,0,9
49670,4425875,6,9,0
50670,2849500,2,0,9
50670,4425437,6,9,0
51670,2849718,2,0,9
51670,4425796,6,9,0
52670,2849937,2,0,9
52670,4425187,6,9,0
53670,2849500,2,0,9
53670,4425546,6,9,0
54670,2849718,2,0,9
54670,4424312,6,9,0
55670,2849218,2,0,9
55670,4425296,6,9,0
56670,2849500,2,0,9
56670,4424062,6,9,0
57670,2849015,2,0,9
57670,4424359,6,9,0
58670,2849218,2,0,9
58670,4423125,6,9,0
59670,2849500,2,0,9
59670,4431625,6,9,0
60670,2848828,2,0,9
60670,4421890,6,9,0
61670,2849000,2,0,9
61670,4430328,6,9,0
62670,2848781,2,0,9
62670,4430140,6,9,0
63670,2849218,2,0,9
63670,4429890,6,9,0
64670,2849000,2,0,9
64670,4429640,6,9,0
65670,2848781,2,0,9
65670,4429453,6,9,0
----
Server Time: 62
Server Time: 63
