

microT-Kernel Version 3.00

Task Tracer 1.00
Copyright (C) 2010-2022 Personal Media Corporation
A:   Server
B:   Vehicle
A+B: Test
Selected: Vehicle
Departure Time: 3000
Left intersection, flag set to 1
Reached next intersection, stopping tracking
(Required Time: 1447 ms)
Addtional waiting time: 553 ms
Left intersection, flag set to 1
Reached next intersection, stopping tracking
(Required Time: 2681 ms)
Addtional waiting time: 1319 ms
Start Left Turn
Left the line
New line found, stopping rotation
(Required Time: 1065 ms)
Addtional waiting time: 1935 ms
Left intersection, flag set to 1
Reached next intersection, stopping tracking
(Required Time: 2222 ms)
Addtional waiting time: 1778 ms
Left intersection, flag set to 1
Reached next intersection, stopping tracking
(Required Time: 2900 ms)
Addtional waiting time: 1100 ms
åƒÇ—Ç‹Å[Ç∑
Start Left Turn
Left the line
New line found, stopping rotation
(Required Time: 597 ms)
Addtional waiting time: 2403 ms
Left intersection, flag set to 1
Reached next intersection, stopping tracking
(Required Time: 2376 ms)
Addtional waiting time: 1624 ms
Start Left Turn
Left the line
New line found, stopping rotation
(Required Time: 916 ms)
Addtional waiting time: 2084 ms
Left intersection, flag set to 1
Reached next intersection, stopping tracking
(Required Time: 2156 ms)
Addtional waiting time: 1844 ms
Left intersection, flag set to 1
Reached next intersection, stopping tracking
(Required Time: 2767 ms)
Addtional waiting time: 1233 ms
finish driving
----
2,2,4,2026,1
0,2,0,0x547874,2,0x11585
0,3,0,0x547874,2,0x11585
1,1,0x11499
1,3,0x11fb9
1,4,0x11fb9
1,10,0xece9
8400,165421,2,0,4
8400,185218,6,4,0
8400,206968,2,0,4
8400,226843,6,4,0
8400,240531,2,0,4
8400,260937,7,4,0x80220200,,0,0x1202f,3,2
8400,287890,6,4,0
8400,418421,2,0,4
8400,438156,6,4,0
8400,459906,2,0,4
8400,479781,6,4,0
8400,493468,2,0,4
8400,513875,7,4,0x80220200,,0,0x1202f,3,2
8400,540828,6,4,0
8420,2009515,1,0,2,0
8420,2025062,3,2,0x80370200,,0,0x115a7,1,0x2001b580
8420,2305250,2,2,1
8420,2318437,6,1,2
8420,2332640,4,2,0x80130100,,0x1168f,10
8420,2369031,1,2,0,4
8430,5663140,2,0,1
8430,5678875,7,1,0x80060100,,0,0x114d3,2
8430,5863062,6,1,0
11430,147421,2,0,4
11430,169656,6,4,0
11430,251781,2,0,4
11430,274062,7,4,0x80220200,,0,0x1202f,3,2
11430,301000,6,4,0
11430,397796,2,0,4
11430,420031,6,4,0
11430,480640,2,0,4
11430,502937,7,4,0x80220200,,0,0x1202f,3,2
11430,529890,6,4,0
11430,651109,2,0,4
11430,673406,6,4,0
11430,756250,2,0,4
11430,778562,7,4,0x80220200,,0,0x1202f,3,2
11430,805531,6,4,0
11430,902421,2,0,4
11430,924718,6,4,0
11430,985281,2,0,4
11430,1007562,7,4,0x80220200,,0,0x1202f,3,2
11430,1034515,6,4,0
11430,1153640,2,0,4
11430,1175906,6,4,0
11430,1255890,2,0,4
11430,1278187,7,4,0x80220200,,0,0x1202f,3,2
11430,1305140,6,4,0
11430,4374953,2,0,4
11430,4394718,6,4,0
11430,4416437,2,0,4
11430,4436343,6,4,0
11430,4450062,2,0,4
11430,4470500,7,4,0x80220200,,0,0x1202f,3,2
11430,4497453,6,4,0
11430,4593546,2,0,4
11430,4613343,6,4,0
11430,4635093,2,0,4
11430,4655031,6,4,0
11430,4668718,2,0,4
11430,4689125,7,4,0x80220200,,0,0x1202f,3,2
11430,4716093,6,4,0
11430,4812171,2,0,4
11430,4831968,6,4,0
11430,4853734,2,0,4
11430,4873656,6,4,0
11430,4887359,2,0,4
11430,4907812,7,4,0x80220200,,0,0x1202f,3,2
11430,4934781,6,4,0
11430,5030859,2,0,4
11430,5050656,6,4,0
11430,5072406,2,0,4
11430,5092281,6,4,0
11430,5106000,2,0,4
11430,5126437,7,4,0x80220200,,0,0x1202f,3,2
11430,5153390,6,4,0
11430,5286671,2,0,4
11430,5308968,6,4,0
11430,5386078,2,0,4
11430,5408375,7,4,0x80220200,,0,0x1202f,3,2
11430,5435343,6,4,0
11430,5532171,2,0,4
11430,5554468,6,4,0
11430,5615046,2,0,4
11430,5637375,7,4,0x80220200,,0,0x1202f,3,2
11430,5664312,6,4,0
11430,5790578,2,0,4
11430,5812843,6,4,0
11430,5890671,2,0,4
11430,5913000,7,4,0x80220200,,0,0x1202f,3,2
11430,5939953,6,4,0
11430,6036859,2,0,4
11430,6059156,6,4,0
11430,6119718,2,0,4
11430,6142000,7,4,0x80220200,,0,0x1202f,3,2
11430,6168968,6,4,0
11430,6293109,2,0,4
11430,6315343,6,4,0
11430,6397468,2,0,4
11430,6419812,7,4,0x80220200,,0,0x1202f,3,2
11430,6446781,6,4,0
11430,6547484,2,0,4
11430,6567281,6,4,0
11430,6589031,2,0,4
11430,6608968,6,4,0
11430,6622687,2,0,4
11430,6643125,7,4,0x80220200,,0,0x1202f,3,2
11430,6670078,6,4,0
11430,6797796,2,0,4
11430,6817593,6,4,0
11430,6839328,2,0,4
11430,6859218,6,4,0
11430,6872937,2,0,4
11430,6893375,7,4,0x80220200,,0,0x1202f,3,2
11430,6920328,6,4,0
11430,7016421,2,0,4
11430,7036218,6,4,0
11430,7057968,2,0,4
11430,7077906,6,4,0
11430,7091578,2,0,4
11430,7112000,7,4,0x80220200,,0,0x1202f,3,2
11430,7138968,6,4,0
11430,7235046,2,0,4
11430,7254843,6,4,0
11430,7276609,2,0,4
11430,7296531,6,4,0
11430,7310234,2,0,4
11430,7330687,7,4,0x80220200,,0,0x1202f,3,2
11430,7357656,6,4,0
11430,7463609,2,0,4
11430,7485906,6,4,0
11430,7546468,2,0,4
11430,7568750,7,4,0x80220200,,0,0x1202f,3,2
11430,7595703,6,4,0
11430,7704765,2,0,4
11430,7727031,6,4,0
11430,7804859,2,0,4
11430,7827187,7,4,0x80220200,,0,0x1202f,3,2
11430,7854140,6,4,0
11430,7950984,2,0,4
11430,7973281,6,4,0
11430,8033859,2,0,4
11430,8056187,7,4,0x80220200,,0,0x1202f,3,2
11430,8083156,6,4,0
11430,8207359,2,0,4
11430,8229656,6,4,0
11430,8311796,2,0,4
11430,8334125,7,4,0x80220200,,0,0x1202f,3,2
11430,8361078,6,4,0
11430,8457921,2,0,4
11430,8480218,6,4,0
11430,8540781,2,0,4
11430,8563062,7,4,0x80220200,,0,0x1202f,3,2
11430,8590031,6,4,0
11430,8708046,2,0,4
11430,8727843,6,4,0
11430,8749609,2,0,4
11430,8769531,6,4,0
11430,8783265,2,0,4
11430,8803687,7,4,0x80220200,,0,0x1202f,3,2
11430,8830656,6,4,0
11430,8926734,2,0,4
11430,8946531,6,4,0
11430,8968312,2,0,4
11430,8988218,6,4,0
11430,9001937,2,0,4
11430,9022375,7,4,0x80220200,,0,0x1202f,3,2
11430,9049359,6,4,0
11430,9145421,2,0,4
11430,9165218,6,4,0
11430,9187000,2,0,4
11430,9206906,6,4,0
11430,9220625,2,0,4
11430,9241062,7,4,0x80220200,,0,0x1202f,3,2
11430,9268015,6,4,0
11430,9364109,2,0,4
11430,9383906,6,4,0
11430,9405671,2,0,4
11430,9425593,6,4,0
11430,9439328,2,0,4
11430,9459750,7,4,0x80220200,,0,0x1202f,3,2
11430,9486718,6,4,0
11430,9617109,2,0,4
11430,9639406,6,4,0
11430,9722265,2,0,4
11430,9744562,7,4,0x80220200,,0,0x1202f,3,2
11430,9771546,6,4,0
11430,9868359,2,0,4
11430,9890656,6,4,0
11430,9951250,2,0,4
11430,9973562,7,4,0x80220200,,0,0x1202f,3,2
11430,10000531,6,4,0
11440,121890,2,0,4
11440,144156,6,4,0
11440,226953,2,0,4
11440,249250,7,4,0x80220200,,0,0x1202f,3,2
11440,276203,6,4,0
11440,373046,2,0,4
11440,395343,6,4,0
11440,455890,2,0,4
11440,478187,7,4,0x80220200,,0,0x1202f,3,2
11440,505125,6,4,0
11440,626359,2,0,4
11440,648656,6,4,0
11440,728640,2,0,4
11440,750937,7,4,0x80220200,,0,0x1202f,3,2
11440,777890,6,4,0
11440,878671,2,0,4
11440,898468,6,4,0
11440,920234,2,0,4
11440,940156,6,4,0
11440,953859,2,0,4
11440,974312,7,4,0x80220200,,0,0x1202f,3,2
11440,1001281,6,4,0
11440,1128984,2,0,4
11440,1148781,6,4,0
11440,1170546,2,0,4
11440,1190468,6,4,0
11440,1204171,2,0,4
11440,1224625,7,4,0x80220200,,0,0x1202f,3,2
11440,1251593,6,4,0
11440,1347671,2,0,4
11440,1367468,6,4,0
11440,1389234,2,0,4
11440,1409156,6,4,0
11440,1422859,2,0,4
11440,1443312,7,4,0x80220200,,0,0x1202f,3,2
11440,1470250,6,4,0
11440,1566296,2,0,4
11440,1586093,6,4,0
11440,1607843,2,0,4
11440,1627781,6,4,0
11440,1641500,2,0,4
11440,1661937,7,4,0x80220200,,0,0x1202f,3,2
11440,1688890,6,4,0
11440,1794859,2,0,4
11440,1817156,6,4,0
11440,1877734,2,0,4
11440,1900062,7,4,0x80220200,,0,0x1202f,3,2
11440,1927031,6,4,0
11440,2036078,2,0,4
11440,2058343,6,4,0
11440,2136156,2,0,4
11440,2158500,7,4,0x80220200,,0,0x1202f,3,2
11440,2185468,6,4,0
11440,2282296,2,0,4
11440,2304593,6,4,0
11440,2365156,2,0,4
11440,2387437,7,4,0x80220200,,0,0x1202f,3,2
11440,2414390,6,4,0
11440,2538609,2,0,4
11440,2560906,6,4,0
11440,2643031,2,0,4
11440,2665312,7,4,0x80220200,,0,0x1202f,3,2
11440,2692281,6,4,0
11440,2789109,2,0,4
11440,2811406,6,4,0
11440,2871984,2,0,4
11440,2894312,7,4,0x80220200,,0,0x1202f,3,2
11440,2921265,6,4,0
11440,3039296,2,0,4
11440,3059093,6,4,0
11440,3080859,2,0,4
11440,3100718,6,4,0
11440,3114421,2,0,4
11440,3134875,7,4,0x80220200,,0,0x1202f,3,2
11440,3161843,6,4,0
11440,3257921,2,0,4
11440,3277718,6,4,0
11440,3299453,2,0,4
11440,3319343,6,4,0
11440,3333062,2,0,4
11440,3353500,7,4,0x80220200,,0,0x1202f,3,2
11440,3380453,6,4,0
11440,3476546,2,0,4
11440,3496343,6,4,0
11440,3518093,2,0,4
11440,3538031,6,4,0
11440,3551750,2,0,4
11440,3572187,7,4,0x80220200,,0,0x1202f,3,2
11440,3599140,6,4,0
11440,3695234,2,0,4
11440,3715031,6,4,0
11440,3736796,2,0,4
11440,3756656,6,4,0
11440,3770359,2,0,4
11440,3790812,7,4,0x80220200,,0,0x1202f,3,2
11440,3817781,6,4,0
11440,3951046,2,0,4
11440,3973343,6,4,0
11440,4050453,2,0,4
11440,4072750,7,4,0x80220200,,0,0x1202f,3,2
11440,4099703,6,4,0
11440,4196546,2,0,4
11440,4218843,6,4,0
11440,4279406,2,0,4
11440,4301687,7,4,0x80220200,,0,0x1202f,3,2
11440,4328656,6,4,0
11440,4452796,2,0,4
11440,4475093,6,4,0
11440,4555062,2,0,4
11440,4577375,7,4,0x80220200,,0,0x1202f,3,2
11440,4604343,6,4,0
11440,4701234,2,0,4
11440,4723531,6,4,0
11440,4784093,2,0,4
11440,4806437,7,4,0x80220200,,0,0x1202f,3,2
11440,4833390,6,4,0
11440,4957546,2,0,4
11440,4979843,6,4,0
11440,5061984,2,0,4
11440,5084312,7,4,0x80220200,,0,0x1202f,3,2
11440,5111281,6,4,0
11440,5212046,2,0,4
11440,5231843,6,4,0
11440,5253609,2,0,4
11440,5273531,6,4,0
11440,5287234,2,0,4
11440,5307687,7,4,0x80220200,,0,0x1202f,3,2
11440,5334656,6,4,0
11440,5460203,2,0,4
11440,5479968,6,4,0
11440,5501734,2,0,4
11440,5521656,6,4,0
11440,5535359,2,0,4
11440,5555812,7,4,0x80220200,,0,0x1202f,3,2
11440,5582781,6,4,0
11440,5678859,2,0,4
11440,5698656,6,4,0
11440,5720421,2,0,4
11440,5740343,6,4,0
11440,5754062,2,0,4
11440,5774500,7,4,0x80220200,,0,0x1202f,3,2
11440,5801453,6,4,0
11440,5897546,2,0,4
11440,5917343,6,4,0
11440,5939093,2,0,4
11440,5959031,6,4,0
11440,5972750,2,0,4
11440,5993187,7,4,0x80220200,,0,0x1202f,3,2
11440,6020140,6,4,0
11440,6126109,2,0,4
11440,6148406,6,4,0
11440,6208984,2,0,4
11440,6231312,7,4,0x80220200,,0,0x1202f,3,2
11440,6258265,6,4,0
11440,6367328,2,0,4
11440,6389593,6,4,0
11440,6467406,2,0,4
11440,6489750,7,4,0x80220200,,0,0x1202f,3,2
11440,6516687,6,4,0
11440,6613484,2,0,4
11440,6635781,6,4,0
11440,6696343,2,0,4
11440,6718625,7,4,0x80220200,,0,0x1202f,3,2
11440,6745593,6,4,0
11440,6871953,2,0,4
11440,6894218,6,4,0
11440,6972031,2,0,4
11440,6994312,7,4,0x80220200,,0,0x1202f,3,2
11440,7021281,6,4,0
11440,7118109,2,0,4
11440,7140406,6,4,0
11440,7200984,2,0,4
11440,7223312,7,4,0x80220200,,0,0x1202f,3,2
11440,7250265,6,4,0
11440,7370515,2,0,4
11440,7390281,6,4,0
11440,7412015,2,0,4
11440,7431906,6,4,0
11440,7445609,2,0,4
11440,7466062,7,4,0x80220200,,0,0x1202f,3,2
11440,7493031,6,4,0
11440,7589109,2,0,4
11440,7608906,6,4,0
11440,7630656,2,0,4
11440,7650531,6,4,0
11440,7664250,2,0,4
11440,7684687,7,4,0x80220200,,0,0x1202f,3,2
11440,7711640,6,4,0
11440,7807734,2,0,4
11440,7827531,6,4,0
11440,7849281,2,0,4
11440,7869218,6,4,0
11440,7882921,2,0,4
11440,7903375,7,4,0x80220200,,0,0x1202f,3,2
11440,7930343,6,4,0
11440,8026421,2,0,4
11440,8046218,6,4,0
11440,8067984,2,0,4
11440,8087906,6,4,0
11440,8101609,2,0,4
11440,8122062,7,4,0x80220200,,0,0x1202f,3,2
11440,8149031,6,4,0
11440,8282296,2,0,4
11440,8304593,6,4,0
11440,8381703,2,0,4
11440,8404000,7,4,0x80220200,,0,0x1202f,3,2
11440,8430953,6,4,0
11440,8527796,2,0,4
11440,8550093,6,4,0
11440,8610656,2,0,4
11440,8633000,7,4,0x80220200,,0,0x1202f,3,2
11440,8659984,6,4,0
11440,8784109,2,0,4
11440,8806406,6,4,0
11440,8886390,2,0,4
11440,8908750,7,4,0x80220200,,0,0x1202f,3,2
11440,8935734,6,4,0
11440,9032609,2,0,4
11440,9054906,6,4,0
11440,9115484,2,0,4
11440,9137812,7,4,0x80220200,,0,0x1202f,3,2
11440,9164781,6,4,0
11440,9288921,2,0,4
11440,9311218,6,4,0
11440,9393359,2,0,4
11440,9415687,7,4,0x80220200,,0,0x1202f,3,2
11440,9442671,6,4,0
11440,9543421,2,0,4
11440,9563218,6,4,0
11440,9585000,2,0,4
11440,9604906,6,4,0
11440,9618640,2,0,4
11440,9639125,7,4,0x80220200,,0,0x1202f,3,2
11440,9666093,6,4,0
11440,9791640,2,0,4
11440,9811406,6,4,0
11440,9833187,2,0,4
11440,9853093,6,4,0
11440,9866812,2,0,4
11440,9887250,7,4,0x80220200,,0,0x1202f,3,2
11440,9914234,6,4,0
11450,11843,2,0,4
11450,31593,6,4,0
11450,54734,2,0,4
11450,74656,6,4,0
11450,88343,2,0,4
11450,108750,7,4,0x80220200,,0,0x1202f,3,2
11450,135703,6,4,0
11450,231734,2,0,4
11450,251531,6,4,0
11450,273281,2,0,4
11450,293156,6,4,0
11450,306843,2,0,4
11450,327250,7,4,0x80220200,,0,0x1202f,3,2
11450,354203,6,4,0
11450,460109,2,0,4
11450,482343,6,4,0
11450,542953,2,0,4
11450,565250,7,4,0x80220200,,0,0x1202f,3,2
11450,592218,6,4,0
11450,699046,2,0,4
11450,721343,6,4,0
11450,803453,2,0,4
11450,825750,7,4,0x80220200,,0,0x1202f,3,2
11450,852718,6,4,0
11450,949546,2,0,4
11450,971843,6,4,0
11450,1032421,2,0,4
11450,1054750,7,4,0x80220200,,0,0x1202f,3,2
11450,1081703,6,4,0
11450,1203046,2,0,4
11450,1225343,6,4,0
11450,1303171,2,0,4
11450,1325500,7,4,0x80220200,,0,0x1202f,3,2
11450,1352453,6,4,0
11450,1449296,2,0,4
11450,1471593,6,4,0
11450,1532156,2,0,4
11450,1554437,7,4,0x80220200,,0,0x1202f,3,2
11450,1581406,6,4,0
11450,1706609,2,0,4
11450,1726406,6,4,0
11450,1748156,2,0,4
11450,1768093,6,4,0
11450,1781812,2,0,4
11450,1802250,7,4,0x80220200,,0,0x1202f,3,2
11450,1829203,6,4,0
11450,1925296,2,0,4
11450,1945093,6,4,0
11450,1966859,2,0,4
11450,1986718,6,4,0
11450,2000421,2,0,4
11450,2020875,7,4,0x80220200,,0,0x1202f,3,2
11450,2047843,6,4,0
11450,2143921,2,0,4
11450,2163718,6,4,0
11450,2185453,2,0,4
11450,2205343,6,4,0
11450,2219062,2,0,4
11450,2239500,7,4,0x80220200,,0,0x1202f,3,2
11450,2266453,6,4,0
11450,2362546,2,0,4
11450,2382343,6,4,0
11450,2404093,2,0,4
11450,2424031,6,4,0
11450,2437750,2,0,4
11450,2458187,7,4,0x80220200,,0,0x1202f,3,2
11450,2485140,6,4,0
11450,2606203,2,0,4
11450,2628468,6,4,0
11450,2710593,2,0,4
11450,2732875,7,4,0x80220200,,0,0x1202f,3,2
11450,2759843,6,4,0
11450,2856671,2,0,4
11450,2878968,6,4,0
11450,2939546,2,0,4
11450,2961875,7,4,0x80220200,,0,0x1202f,3,2
11450,2988828,6,4,0
11450,3107953,2,0,4
11450,3130218,6,4,0
11450,3215234,2,0,4
11450,3237562,7,4,0x80220200,,0,0x1202f,3,2
11450,3264515,6,4,0
11450,3361421,2,0,4
11450,3383718,6,4,0
11450,3444296,2,0,4
11450,3466625,7,4,0x80220200,,0,0x1202f,3,2
11450,3493593,6,4,0
11450,3612703,2,0,4
11450,3634968,6,4,0
11450,3717140,2,0,4
11450,3739437,7,4,0x80220200,,0,0x1202f,3,2
11450,3766390,6,4,0
11450,3867171,2,0,4
11450,3886906,6,4,0
11450,3908656,2,0,4
11450,3928593,6,4,0
11450,3942312,2,0,4
11450,3962750,7,4,0x80220200,,0,0x1202f,3,2
11450,3989703,6,4,0
11450,4085796,2,0,4
11450,4105593,6,4,0
11450,4127359,2,0,4
11450,4147281,6,4,0
11450,4160984,2,0,4
11450,4181437,7,4,0x80220200,,0,0x1202f,3,2
11450,4208406,6,4,0
11450,4321734,2,0,4
11450,4341531,6,4,0
11450,4363281,2,0,4
11450,4383218,6,4,0
11450,4396937,2,0,4
11450,4417375,7,4,0x80220200,,0,0x1202f,3,2
11450,4444328,6,4,0
11450,4540421,2,0,4
11450,4560218,6,4,0
11450,4581984,2,0,4
11450,4601906,6,4,0
11450,4615609,2,0,4
11450,4636062,7,4,0x80220200,,0,0x1202f,3,2
11450,4663031,6,4,0
11450,4768984,2,0,4
11450,4791281,6,4,0
11450,4856875,2,0,4
11450,4879187,7,4,0x80220200,,0,0x1202f,3,2
11450,4906140,6,4,0
11450,5027421,2,0,4
11450,5049718,6,4,0
11450,5134718,2,0,4
11450,5157000,7,4,0x80220200,,0,0x1202f,3,2
11450,5183968,6,4,0
11450,5280796,2,0,4
11450,5303093,6,4,0
11450,5363671,2,0,4
11450,5386000,7,4,0x80220200,,0,0x1202f,3,2
11450,5412953,6,4,0
11450,5534296,2,0,4
11450,5556593,6,4,0
11450,5636578,2,0,4
11450,5658875,7,4,0x80220200,,0,0x1202f,3,2
11450,5685828,6,4,0
11450,5782671,2,0,4
11450,5804968,6,4,0
11450,5865546,2,0,4
11450,5887875,7,4,0x80220200,,0,0x1202f,3,2
11450,5914843,6,4,0
11450,6037890,2,0,4
11450,6057656,6,4,0
11450,6079406,2,0,4
11450,6099343,6,4,0
11450,6113046,2,0,4
11450,6133500,7,4,0x80220200,,0,0x1202f,3,2
11450,6160468,6,4,0
11450,6256484,2,0,4
11450,6276281,6,4,0
11450,6298046,2,0,4
11450,6317968,6,4,0
11450,6331671,2,0,4
11450,6352125,7,4,0x80220200,,0,0x1202f,3,2
11450,6379093,6,4,0
11450,6475171,2,0,4
11450,6494968,6,4,0
11450,6516718,2,0,4
11450,6536593,6,4,0
11450,6550312,2,0,4
11450,6570750,7,4,0x80220200,,0,0x1202f,3,2
11450,6597703,6,4,0
11450,6693796,2,0,4
11450,6713593,6,4,0
11450,6735343,2,0,4
11450,6755281,6,4,0
11450,6768984,2,0,4
11450,6789437,7,4,0x80220200,,0,0x1202f,3,2
11450,6816406,6,4,0
11450,6941828,2,0,4
11450,6964093,6,4,0
11450,7049078,2,0,4
11450,7071375,7,4,0x80220200,,0,0x1202f,3,2
11450,7098343,6,4,0
11450,7195171,2,0,4
11450,7217468,6,4,0
11450,7278031,2,0,4
11450,7300312,7,4,0x80220200,,0,0x1202f,3,2
11450,7327265,6,4,0
11450,7448546,2,0,4
11450,7470843,6,4,0
11450,7550828,2,0,4
11450,7573125,7,4,0x80220200,,0,0x1202f,3,2
11450,7600093,6,4,0
11450,7696984,2,0,4
11450,7719281,6,4,0
11450,7779859,2,0,4
11450,7802187,7,4,0x80220200,,0,0x1202f,3,2
11450,7829140,6,4,0
11450,7948265,2,0,4
11450,7970531,6,4,0
11450,8052703,2,0,4
11450,8075000,7,4,0x80220200,,0,0x1202f,3,2
11450,8101953,6,4,0
11450,8202734,2,0,4
11450,8222531,6,4,0
11450,8244281,2,0,4
11450,8264218,6,4,0
11450,8277921,2,0,4
11450,8298375,7,4,0x80220200,,0,0x1202f,3,2
11450,8325343,6,4,0
11450,8455921,2,0,4
11450,8475656,6,4,0
11450,8497406,2,0,4
11450,8517343,6,4,0
11450,8531062,2,0,4
11450,8551500,7,4,0x80220200,,0,0x1202f,3,2
11450,8578453,6,4,0
11450,8674546,2,0,4
11450,8694343,6,4,0
11450,8716125,2,0,4
11450,8736031,6,4,0
11450,8749750,2,0,4
11450,8770187,7,4,0x80220200,,0,0x1202f,3,2
11450,8797171,6,4,0
11450,8893234,2,0,4
11450,8913031,6,4,0
11450,8934781,2,0,4
11450,8954718,6,4,0
11450,8968453,2,0,4
11450,8988937,7,4,0x80220200,,0,0x1202f,3,2
11450,9015906,6,4,0
11450,9121859,2,0,4
11450,9144156,6,4,0
11450,9204750,2,0,4
11450,9227062,7,4,0x80220200,,0,0x1202f,3,2
11450,9254046,6,4,0
11450,9360921,2,0,4
11450,9383218,6,4,0
11450,9463203,2,0,4
11450,9485500,7,4,0x80220200,,0,0x1202f,3,2
11450,9512484,6,4,0
11450,9609296,2,0,4
11450,9631593,6,4,0
11450,9692187,2,0,4
11450,9714500,7,4,0x80220200,,0,0x1202f,3,2
11450,9741468,6,4,0
11450,9865671,2,0,4
11450,9887968,6,4,0
11450,9965093,2,0,4
11450,9987437,7,4,0x80220200,,0,0x1202f,3,2
11460,19828,6,4,0
11460,116609,2,0,4
11460,138906,6,4,0
11460,199453,2,0,4
11460,221750,7,4,0x80220200,,0,0x1202f,3,2
11460,248687,6,4,0
11460,366671,2,0,4
11460,386468,6,4,0
11460,408218,2,0,4
11460,428093,6,4,0
11460,441796,2,0,4
11460,462250,7,4,0x80220200,,0,0x1202f,3,2
11460,489187,6,4,0
11460,585234,2,0,4
11460,605031,6,4,0
11460,626781,2,0,4
11460,646718,6,4,0
11460,660437,2,0,4
11460,680875,7,4,0x80220200,,0,0x1202f,3,2
11460,707828,6,4,0
11460,803921,2,0,4
11460,823718,6,4,0
11460,845484,2,0,4
11460,865406,6,4,0
11460,879109,2,0,4
11460,899562,7,4,0x80220200,,0,0x1202f,3,2
11460,926531,6,4,0
11460,1022609,2,0,4
11460,1042406,6,4,0
11460,1064171,2,0,4
11460,1084093,6,4,0
11460,1097812,2,0,4
11460,1118250,7,4,0x80220200,,0,0x1202f,3,2
11460,1145203,6,4,0
11460,1275609,2,0,4
11460,1297906,6,4,0
11460,1375734,2,0,4
11460,1398062,7,4,0x80220200,,0,0x1202f,3,2
11460,1425015,6,4,0
11460,1521859,2,0,4
11460,1544156,6,4,0
11460,1604734,2,0,4
11460,1627062,7,4,0x80220200,,0,0x1202f,3,2
11460,1654031,6,4,0
11460,1778171,2,0,4
11460,1800468,6,4,0
11460,1880437,2,0,4
11460,1902750,7,4,0x80220200,,0,0x1202f,3,2
11460,1929703,6,4,0
11460,2026609,2,0,4
11460,2048906,6,4,0
11460,2109468,2,0,4
11460,2131750,7,4,0x80220200,,0,0x1202f,3,2
11460,2158718,6,4,0
11460,2282859,2,0,4
11460,2305156,6,4,0
11460,2382265,2,0,4
11460,2404562,7,4,0x80220200,,0,0x1202f,3,2
11460,2431531,6,4,0
11460,2532296,2,0,4
11460,2552093,6,4,0
11460,2573859,2,0,4
11460,2593781,6,4,0
11460,2607500,2,0,4
11460,2627937,7,4,0x80220200,,0,0x1202f,3,2
11460,2654890,6,4,0
11460,2785484,2,0,4
11460,2805281,6,4,0
11460,2827046,2,0,4
11460,2846968,6,4,0
11460,2860671,2,0,4
11460,2881125,7,4,0x80220200,,0,0x1202f,3,2
11460,2908093,6,4,0
11460,3004171,2,0,4
11460,3023968,6,4,0
11460,3045718,2,0,4
11460,3065593,6,4,0
11460,3079312,2,0,4
11460,3099750,7,4,0x80220200,,0,0x1202f,3,2
11460,3126703,6,4,0
11460,3222796,2,0,4
11460,3242593,6,4,0
11460,3264343,2,0,4
11460,3284281,6,4,0
11460,3297984,2,0,4
11460,3318437,7,4,0x80220200,,0,0x1202f,3,2
11460,3345406,6,4,0
11460,3451359,2,0,4
11460,3473656,6,4,0
11460,3534203,2,0,4
11460,3556500,7,4,0x80220200,,0,0x1202f,3,2
11460,3583453,6,4,0
11460,3692515,2,0,4
11460,3714781,6,4,0
11460,3797640,2,0,4
11460,3819937,7,4,0x80220200,,0,0x1202f,3,2
11460,3846890,6,4,0
11460,3943734,2,0,4
11460,3966031,6,4,0
11460,4026609,2,0,4
11460,4048937,7,4,0x80220200,,0,0x1202f,3,2
11460,4075906,6,4,0
11460,4195078,2,0,4
11460,4217343,6,4,0
11460,4297312,2,0,4
11460,4319625,7,4,0x80220200,,0,0x1202f,3,2
11460,4346593,6,4,0
11460,4443421,2,0,4
11460,4465718,6,4,0
11460,4526281,2,0,4
11460,4548562,7,4,0x80220200,,0,0x1202f,3,2
11460,4575515,6,4,0
11460,4700734,2,0,4
11460,4720531,6,4,0
11460,4742265,2,0,4
11460,4762156,6,4,0
11460,4775875,2,0,4
11460,4796312,7,4,0x80220200,,0,0x1202f,3,2
11460,4823265,6,4,0
11460,4919359,2,0,4
11460,4939156,6,4,0
11460,4960906,2,0,4
11460,4980843,6,4,0
11460,4994515,2,0,4
11460,5014937,7,4,0x80220200,,0,0x1202f,3,2
11460,5041906,6,4,0
11460,5137984,2,0,4
11460,5157781,6,4,0
11460,5179546,2,0,4
11460,5199468,6,4,0
11460,5213171,2,0,4
11460,5233625,7,4,0x80220200,,0,0x1202f,3,2
11460,5260593,6,4,0
11460,5356671,2,0,4
11460,5376468,6,4,0
11460,5398218,2,0,4
11460,5418093,6,4,0
11460,5431812,2,0,4
11460,5452250,7,4,0x80220200,,0,0x1202f,3,2
11460,5479203,6,4,0
11460,5607453,2,0,4
11460,5629718,6,4,0
11460,5709703,2,0,4
11460,5732000,7,4,0x80220200,,0,0x1202f,3,2
11460,5758953,6,4,0
11460,5855796,2,0,4
11460,5878093,6,4,0
11460,5938671,2,0,4
11460,5961000,7,4,0x80220200,,0,0x1202f,3,2
11460,5987968,6,4,0
11460,6107078,2,0,4
11460,6129343,6,4,0
11460,6211515,2,0,4
11460,6233812,7,4,0x80220200,,0,0x1202f,3,2
11460,6260765,6,4,0
11460,6357671,2,0,4
11460,6379906,6,4,0
11460,6440515,2,0,4
11460,6462812,7,4,0x80220200,,0,0x1202f,3,2
11460,6489781,6,4,0
11460,6613921,2,0,4
11460,6636218,6,4,0
11460,6716187,2,0,4
11460,6738500,7,4,0x80220200,,0,0x1202f,3,2
11460,6765468,6,4,0
11460,6866234,2,0,4
11460,6886031,6,4,0
11460,6907781,2,0,4
11460,6927656,6,4,0
11460,6941375,2,0,4
11460,6961812,7,4,0x80220200,,0,0x1202f,3,2
11460,6988765,6,4,0
11460,7116484,2,0,4
11460,7136281,6,4,0
11460,7158046,2,0,4
11460,7177968,6,4,0
11460,7191687,2,0,4
11460,7212125,7,4,0x80220200,,0,0x1202f,3,2
11460,7239078,6,4,0
11460,7335171,2,0,4
11460,7354968,6,4,0
11460,7376718,2,0,4
11460,7396656,6,4,0
11460,7410375,2,0,4
11460,7430812,7,4,0x80220200,,0,0x1202f,3,2
11460,7457765,6,4,0
11460,7553859,2,0,4
11460,7573656,6,4,0
11460,7595421,2,0,4
11460,7615343,6,4,0
11460,7629046,2,0,4
11460,7649500,7,4,0x80220200,,0,0x1202f,3,2
11460,7676468,6,4,0
11460,7782421,2,0,4
11460,7804718,6,4,0
11460,7865281,2,0,4
11460,7887562,7,4,0x80220200,,0,0x1202f,3,2
11460,7914515,6,4,0
11460,8023578,2,0,4
11460,8045843,6,4,0
11460,8125828,2,0,4
11460,8148125,7,4,0x80220200,,0,0x1202f,3,2
11460,8175078,6,4,0
11460,8271921,2,0,4
11460,8294218,6,4,0
11460,8354796,2,0,4
11460,8377125,7,4,0x80220200,,0,0x1202f,3,2
11460,8404093,6,4,0
11460,8528296,2,0,4
11460,8550593,6,4,0
11460,8627703,2,0,4
11460,8650062,7,4,0x80220200,,0,0x1202f,3,2
11460,8677046,6,4,0
11460,8773859,2,0,4
11460,8796156,6,4,0
11460,8856734,2,0,4
11460,8879062,7,4,0x80220200,,0,0x1202f,3,2
11460,8906031,6,4,0
11460,9031234,2,0,4
11460,9051031,6,4,0
11460,9072796,2,0,4
11460,9092718,6,4,0
11460,9106453,2,0,4
11460,9126937,7,4,0x80220200,,0,0x1202f,3,2
11460,9153906,6,4,0
11460,9249984,2,0,4
11460,9269781,6,4,0
11460,9291546,2,0,4
11460,9311468,6,4,0
11460,9325187,2,0,4
11460,9345625,7,4,0x80220200,,0,0x1202f,3,2
11460,9372609,6,4,0
11460,9468671,2,0,4
11460,9488468,6,4,0
11460,9510250,2,0,4
11460,9530156,6,4,0
11460,9543875,2,0,4
11460,9564312,7,4,0x80220200,,0,0x1202f,3,2
11460,9591296,6,4,0
11460,9687359,2,0,4
11460,9707156,6,4,0
11460,9728921,2,0,4
11460,9748843,6,4,0
11460,9762578,2,0,4
11460,9783062,7,4,0x80220200,,0,0x1202f,3,2
11460,9810031,6,4,0
11460,9935453,2,0,4
11460,9957781,6,4,0
11470,43031,2,0,4
11470,65312,7,4,0x80220200,,0,0x1202f,3,2
11470,92265,6,4,0
11470,189046,2,0,4
11470,211343,6,4,0
11470,271890,2,0,4
11470,294187,7,4,0x80220200,,0,0x1202f,3,2
11470,321125,6,4,0
11470,442359,2,0,4
11470,464656,6,4,0
11470,542453,2,0,4
11470,564750,7,4,0x80220200,,0,0x1202f,3,2
11470,591718,6,4,0
11470,688609,2,0,4
11470,710906,6,4,0
11470,771484,2,0,4
11470,793812,7,4,0x80220200,,0,0x1202f,3,2
11470,820765,6,4,0
11470,944921,2,0,4
11470,967218,6,4,0
11470,1047203,2,0,4
11470,1069500,7,4,0x80220200,,0,0x1202f,3,2
11470,1096453,6,4,0
11470,1197234,2,0,4
11470,1217031,6,4,0
11470,1238796,2,0,4
11470,1258718,6,4,0
11470,1272421,2,0,4
11470,1292875,7,4,0x80220200,,0,0x1202f,3,2
11470,1319843,6,4,0
11470,1450421,2,0,4
11470,1470218,6,4,0
11470,1491968,2,0,4
11470,1511906,6,4,0
11470,1525609,2,0,4
11470,1546062,7,4,0x80220200,,0,0x1202f,3,2
11470,1573031,6,4,0
11470,1669109,2,0,4
11470,1688906,6,4,0
11470,1710671,2,0,4
11470,1730593,6,4,0
11470,1744296,2,0,4
11470,1764750,7,4,0x80220200,,0,0x1202f,3,2
11470,1791718,6,4,0
11470,1887796,2,0,4
11470,1907593,6,4,0
11470,1929343,2,0,4
11470,1949218,6,4,0
11470,1962937,2,0,4
11470,1983375,7,4,0x80220200,,0,0x1202f,3,2
11470,2010328,6,4,0
11470,2116296,2,0,4
11470,2138593,6,4,0
11470,2199171,2,0,4
11470,2221500,7,4,0x80220200,,0,0x1202f,3,2
11470,2248468,6,4,0
11470,2352515,2,0,4
11470,2374781,6,4,0
11470,2457625,2,0,4
11470,2479937,7,4,0x80220200,,0,0x1202f,3,2
11470,2506906,6,4,0
11470,2603734,2,0,4
11470,2626031,6,4,0
11470,2686593,2,0,4
11470,2708937,7,4,0x80220200,,0,0x1202f,3,2
11470,2735890,6,4,0
11470,2860109,2,0,4
11470,2882406,6,4,0
11470,2959515,2,0,4
11470,2981812,7,4,0x80220200,,0,0x1202f,3,2
11470,3008765,6,4,0
11470,3105609,2,0,4
11470,3127906,6,4,0
11470,3188484,2,0,4
11470,3210812,7,4,0x80220200,,0,0x1202f,3,2
11470,3237781,6,4,0
11470,3360828,2,0,4
11470,3380593,6,4,0
11470,3402359,2,0,4
11470,3422281,6,4,0
11470,3435984,2,0,4
11470,3456437,7,4,0x80220200,,0,0x1202f,3,2
11470,3483406,6,4,0
11470,3579484,2,0,4
11470,3599281,6,4,0
11470,3621046,2,0,4
11470,3640968,6,4,0
11470,3654687,2,0,4
11470,3675125,7,4,0x80220200,,0,0x1202f,3,2
11470,3702078,6,4,0
11470,3798171,2,0,4
11470,3817968,6,4,0
11470,3839718,2,0,4
11470,3859656,6,4,0
11470,3873375,2,0,4
11470,3893812,7,4,0x80220200,,0,0x1202f,3,2
11470,3920765,6,4,0
11470,4016859,2,0,4
11470,4036656,6,4,0
11470,4058421,2,0,4
11470,4078343,6,4,0
11470,4092046,2,0,4
11470,4112500,7,4,0x80220200,,0,0x1202f,3,2
11470,4139468,6,4,0
11470,4267703,2,0,4
11470,4289968,6,4,0
11470,4374968,2,0,4
11470,4397312,7,4,0x80220200,,0,0x1202f,3,2
11470,4424265,6,4,0
11470,4521109,2,0,4
11470,4543406,6,4,0
11470,4603968,2,0,4
11470,4626250,7,4,0x80220200,,0,0x1202f,3,2
11470,4653218,6,4,0
11470,4772328,2,0,4
11470,4794593,6,4,0
11470,4876765,2,0,4
11470,4899062,7,4,0x80220200,,0,0x1202f,3,2
11470,4926031,6,4,0
11470,5022921,2,0,4
11470,5045218,6,4,0
11470,5105796,2,0,4
11470,5128125,7,4,0x80220200,,0,0x1202f,3,2
11470,5155078,6,4,0
11470,5276359,2,0,4
11470,5298656,6,4,0
11470,5381515,2,0,4
11470,5403812,7,4,0x80220200,,0,0x1202f,3,2
11470,5430765,6,4,0
11470,5531546,2,0,4
11470,5551343,6,4,0
11470,5573109,2,0,4
11470,5593031,6,4,0
11470,5606734,2,0,4
11470,5627187,7,4,0x80220200,,0,0x1202f,3,2
11470,5654156,6,4,0
11470,5777546,2,0,4
11470,5797343,6,4,0
11470,5821250,2,0,4
11470,5841156,6,4,0
11470,5854859,2,0,4
11470,5875312,7,4,0x80220200,,0,0x1202f,3,2
11470,5902281,6,4,0
11470,5998359,2,0,4
11470,6018156,6,4,0
11470,6039921,2,0,4
11470,6059843,6,4,0
11470,6073546,2,0,4
11470,6094000,7,4,0x80220200,,0,0x1202f,3,2
11470,6120968,6,4,0
11470,6217046,2,0,4
11470,6236843,6,4,0
11470,6258593,2,0,4
11470,6278468,6,4,0
11470,6292187,2,0,4
11470,6312625,7,4,0x80220200,,0,0x1202f,3,2
11470,6339578,6,4,0
11470,6445546,2,0,4
11470,6467843,6,4,0
11470,6528421,2,0,4
11470,6550750,7,4,0x80220200,,0,0x1202f,3,2
11470,6577718,6,4,0
11470,6686765,2,0,4
11470,6709031,6,4,0
11470,6791875,2,0,4
11470,6814187,7,4,0x80220200,,0,0x1202f,3,2
11470,6841156,6,4,0
11470,6937984,2,0,4
11470,6960281,6,4,0
11470,7020843,2,0,4
11470,7043125,7,4,0x80220200,,0,0x1202f,3,2
11470,7070078,6,4,0
11470,7191421,2,0,4
11470,7213718,6,4,0
11470,7291531,2,0,4
11470,7313812,7,4,0x80220200,,0,0x1202f,3,2
11470,7340781,6,4,0
11470,7437609,2,0,4
11470,7459906,6,4,0
11470,7520484,2,0,4
11470,7542812,7,4,0x80220200,,0,0x1202f,3,2
11470,7569765,6,4,0
11470,7694984,2,0,4
11470,7714781,6,4,0
11470,7736546,2,0,4
11470,7756468,6,4,0
11470,7770171,2,0,4
11470,7790625,7,4,0x80220200,,0,0x1202f,3,2
11470,7817593,6,4,0
11470,7913671,2,0,4
11470,7933468,6,4,0
11470,7955218,2,0,4
11470,7975093,6,4,0
11470,7988812,2,0,4
11470,8009250,7,4,0x80220200,,0,0x1202f,3,2
11470,8036203,6,4,0
11470,8132296,2,0,4
11470,8152093,6,4,0
11470,8173843,2,0,4
11470,8193781,6,4,0
11470,8207468,2,0,4
11470,8227875,7,4,0x80220200,,0,0x1202f,3,2
11470,8254843,6,4,0
11470,8350921,2,0,4
11470,8370718,6,4,0
11470,8392484,2,0,4
11470,8412406,6,4,0
11470,8426109,2,0,4
11470,8446562,7,4,0x80220200,,0,0x1202f,3,2
11470,8473531,6,4,0
11470,8598953,2,0,4
11470,8621218,6,4,0
11470,8706218,2,0,4
11470,8728562,7,4,0x80220200,,0,0x1202f,3,2
11470,8755531,6,4,0
11470,8852359,2,0,4
11470,8874656,6,4,0
11470,8935234,2,0,4
11470,8957562,7,4,0x80220200,,0,0x1202f,3,2
11470,8984546,6,4,0
11470,9105796,2,0,4
11470,9128093,6,4,0
11470,9208078,2,0,4
11470,9230375,7,4,0x80220200,,0,0x1202f,3,2
11470,9257359,6,4,0
11470,9354234,2,0,4
11470,9376531,6,4,0
11470,9437109,2,0,4
11470,9459437,7,4,0x80220200,,0,0x1202f,3,2
11470,9486406,6,4,0
11470,9605515,2,0,4
11470,9627843,6,4,0
11470,9710000,2,0,4
11470,9732312,7,4,0x80220200,,0,0x1202f,3,2
11470,9759281,6,4,0
11470,9860046,2,0,4
11470,9879843,6,4,0
11470,9901625,2,0,4
11470,9921531,6,4,0
11470,9935250,2,0,4
11470,9955687,7,4,0x80220200,,0,0x1202f,3,2
11470,9982671,6,4,0
11480,111796,2,0,4
11480,131593,6,4,0
11480,155468,2,0,4
11480,175343,6,4,0
11480,189046,2,0,4
11480,209500,7,4,0x80220200,,0,0x1202f,3,2
11480,236437,6,4,0
11480,332484,2,0,4
11480,352218,6,4,0
11480,373953,2,0,4
11480,393843,6,4,0
11480,407515,2,0,4
11480,427937,7,4,0x80220200,,0,0x1202f,3,2
11480,454890,6,4,0
11480,550984,2,0,4
11480,570781,6,4,0
11480,592546,2,0,4
11480,612468,6,4,0
11480,626171,2,0,4
11480,646625,7,4,0x80220200,,0,0x1202f,3,2
11480,673593,6,4,0
11480,779546,2,0,4
11480,801843,6,4,0
11480,862406,2,0,4
11480,884687,7,4,0x80220200,,0,0x1202f,3,2
11480,911640,6,4,0
11480,1018546,2,0,4
11480,1040843,6,4,0
11480,1122984,2,0,4
11480,1145312,7,4,0x80220200,,0,0x1202f,3,2
11480,1172265,6,4,0
11480,1269109,2,0,4
11480,1291406,6,4,0
11480,1351984,2,0,4
11480,1374312,7,4,0x80220200,,0,0x1202f,3,2
11480,1401281,6,4,0
11480,1520453,2,0,4
11480,1542718,6,4,0
11480,1627734,2,0,4
11480,1650062,7,4,0x80220200,,0,0x1202f,3,2
11480,1677015,6,4,0
11480,1773859,2,0,4
11480,1796156,6,4,0
11480,1856718,2,0,4
11480,1879000,7,4,0x80220200,,0,0x1202f,3,2
11480,1905968,6,4,0
11480,2026203,2,0,4
11480,2045968,6,4,0
11480,2067687,2,0,4
11480,2087593,6,4,0
11480,2101312,2,0,4
11480,2121750,7,4,0x80220200,,0,0x1202f,3,2
11480,2148703,6,4,0
11480,2244796,2,0,4
11480,2264593,6,4,0
11480,2286359,2,0,4
11480,2306281,6,4,0
11480,2319984,2,0,4
11480,2340437,7,4,0x80220200,,0,0x1202f,3,2
11480,2367406,6,4,0
11480,2463484,2,0,4
11480,2483281,6,4,0
11480,2505046,2,0,4
11480,2524968,6,4,0
11480,2538687,2,0,4
11480,2559125,7,4,0x80220200,,0,0x1202f,3,2
11480,2586078,6,4,0
11480,2682171,2,0,4
11480,2701968,6,4,0
11480,2723718,2,0,4
11480,2743656,6,4,0
11480,2757375,2,0,4
11480,2777812,7,4,0x80220200,,0,0x1202f,3,2
11480,2804765,6,4,0
11480,2933015,2,0,4
11480,2955281,6,4,0
11480,3037453,2,0,4
11480,3059750,7,4,0x80220200,,0,0x1202f,3,2
11480,3086718,6,4,0
11480,3183546,2,0,4
11480,3205843,6,4,0
11480,3266421,2,0,4
11480,3288750,7,4,0x80220200,,0,0x1202f,3,2
11480,3315703,6,4,0
11480,3434828,2,0,4
11480,3457093,6,4,0
11480,3542109,2,0,4
11480,3564437,7,4,0x80220200,,0,0x1202f,3,2
11480,3591390,6,4,0
11480,3688296,2,0,4
11480,3710593,6,4,0
11480,3771171,2,0,4
11480,3793500,7,4,0x80220200,,0,0x1202f,3,2
11480,3820468,6,4,0
11480,3939578,2,0,4
11480,3961843,6,4,0
11480,4044015,2,0,4
11480,4066312,7,4,0x80220200,,0,0x1202f,3,2
11480,4093265,6,4,0
11480,4194046,2,0,4
11480,4213843,6,4,0
11480,4235593,2,0,4
11480,4255531,6,4,0
11480,4269250,2,0,4
11480,4289687,7,4,0x80220200,,0,0x1202f,3,2
11480,4316640,6,4,0
11480,4444359,2,0,4
11480,4464156,6,4,0
11480,4485906,2,0,4
11480,4505781,6,4,0
11480,4519500,2,0,4
11480,4539937,7,4,0x80220200,,0,0x1202f,3,2
11480,4566890,6,4,0
11480,4662984,2,0,4
11480,4682781,6,4,0
11480,4704531,2,0,4
11480,4724468,6,4,0
11480,4738171,2,0,4
11480,4758625,7,4,0x80220200,,0,0x1202f,3,2
11480,4785593,6,4,0
11480,4881671,2,0,4
11480,4901468,6,4,0
11480,4923234,2,0,4
11480,4943156,6,4,0
11480,4956859,2,0,4
11480,4977312,7,4,0x80220200,,0,0x1202f,3,2
11480,5004281,6,4,0
11480,5110234,2,0,4
11480,5132531,6,4,0
11480,5193093,2,0,4
11480,5215375,7,4,0x80220200,,0,0x1202f,3,2
11480,5242343,6,4,0
11480,5346390,2,0,4
11480,5368656,6,4,0
11480,5453671,2,0,4
11480,5476000,7,4,0x80220200,,0,0x1202f,3,2
11480,5502968,6,4,0
11480,5599796,2,0,4
11480,5622093,6,4,0
11480,5682671,2,0,4
11480,5705000,7,4,0x80220200,,0,0x1202f,3,2
11480,5731953,6,4,0
11480,5851140,2,0,4
11480,5873406,6,4,0
11480,5958421,2,0,4
11480,5980750,7,4,0x80220200,,0,0x1202f,3,2
11480,6007703,6,4,0
11480,6104546,2,0,4
11480,6126843,6,4,0
11480,6187406,2,0,4
11480,6209687,7,4,0x80220200,,0,0x1202f,3,2
11480,6236656,6,4,0
11480,6354671,2,0,4
11480,6374468,6,4,0
11480,6396218,2,0,4
11480,6416156,6,4,0
11480,6429875,2,0,4
11480,6450312,7,4,0x80220200,,0,0x1202f,3,2
11480,6477265,6,4,0
11480,6573359,2,0,4
11480,6593156,6,4,0
11480,6614921,2,0,4
11480,6634843,6,4,0
11480,6648546,2,0,4
11480,6669000,7,4,0x80220200,,0,0x1202f,3,2
11480,6695968,6,4,0
11480,6792046,2,0,4
11480,6811843,6,4,0
11480,6833609,2,0,4
11480,6853531,6,4,0
11480,6867250,2,0,4
11480,6887687,7,4,0x80220200,,0,0x1202f,3,2
11480,6914640,6,4,0
11480,7010734,2,0,4
11480,7030531,6,4,0
11480,7052281,2,0,4
11480,7072218,6,4,0
11480,7085937,2,0,4
11480,7106375,7,4,0x80220200,,0,0x1202f,3,2
11480,7133328,6,4,0
11480,7263734,2,0,4
11480,7286031,6,4,0
11480,7368875,2,0,4
11480,7391187,7,4,0x80220200,,0,0x1202f,3,2
11480,7418156,6,4,0
11480,7514984,2,0,4
11480,7537281,6,4,0
11480,7597828,2,0,4
11480,7620125,7,4,0x80220200,,0,0x1202f,3,2
11480,7647078,6,4,0
11480,7768359,2,0,4
11480,7790656,6,4,0
11480,7870640,2,0,4
11480,7892937,7,4,0x80220200,,0,0x1202f,3,2
11480,7919890,6,4,0
11480,8016796,2,0,4
11480,8039093,6,4,0
11480,8099671,2,0,4
11480,8122000,7,4,0x80220200,,0,0x1202f,3,2
11480,8148968,6,4,0
11480,8268078,2,0,4
11480,8290343,6,4,0
11480,8372515,2,0,4
11480,8394812,7,4,0x80220200,,0,0x1202f,3,2
11480,8421765,6,4,0
11480,8522546,2,0,4
11480,8542343,6,4,0
11480,8564093,2,0,4
11480,8584031,6,4,0
11480,8597750,2,0,4
11480,8618187,7,4,0x80220200,,0,0x1202f,3,2
11480,8645156,6,4,0
11480,8775734,2,0,4
11480,8795531,6,4,0
11480,8817296,2,0,4
11480,8837218,6,4,0
11480,8850953,2,0,4
11480,8871375,7,4,0x80220200,,0,0x1202f,3,2
11480,8898343,6,4,0
11480,8994421,2,0,4
11480,9014218,6,4,0
11480,9036000,2,0,4
11480,9055906,6,4,0
11480,9069625,2,0,4
11480,9090062,7,4,0x80220200,,0,0x1202f,3,2
11480,9117046,6,4,0
11480,9213109,2,0,4
11480,9232906,6,4,0
11480,9254687,2,0,4
11480,9274593,6,4,0
11480,9288328,2,0,4
11480,9308812,7,4,0x80220200,,0,0x1202f,3,2
11480,9335781,6,4,0
11480,9441734,2,0,4
11480,9464031,6,4,0
11480,9524609,2,0,4
11480,9546937,7,4,0x80220200,,0,0x1202f,3,2
11480,9573921,6,4,0
11480,9680796,2,0,4
11480,9703093,6,4,0
11480,9783078,2,0,4
11480,9805375,7,4,0x80220200,,0,0x1202f,3,2
11480,9832359,6,4,0
11480,9929171,2,0,4
11480,9951468,6,4,0
11490,12171,2,0,4
11490,34437,7,4,0x80220200,,0,0x1202f,3,2
11490,61390,6,4,0
11490,185609,2,0,4
11490,207906,6,4,0
11490,287859,2,0,4
11490,310125,7,4,0x80220200,,0,0x1202f,3,2
11490,337078,6,4,0
11490,433859,2,0,4
11490,456156,6,4,0
11490,516718,2,0,4
11490,539000,7,4,0x80220200,,0,0x1202f,3,2
11490,565953,6,4,0
11490,686203,2,0,4
11490,705968,6,4,0
11490,727703,2,0,4
11490,747593,6,4,0
11490,761296,2,0,4
11490,781750,7,4,0x80220200,,0,0x1202f,3,2
11490,808718,6,4,0
11490,904796,2,0,4
11490,924593,6,4,0
11490,946343,2,0,4
11490,966218,6,4,0
11490,979937,2,0,4
11490,1000375,7,4,0x80220200,,0,0x1202f,3,2
11490,1027328,6,4,0
11490,1123421,2,0,4
11490,1143218,6,4,0
11490,1164968,2,0,4
11490,1184906,6,4,0
11490,1198609,2,0,4
11490,1219062,7,4,0x80220200,,0,0x1202f,3,2
11490,1246031,6,4,0
11490,1342109,2,0,4
11490,1361906,6,4,0
11490,1383671,2,0,4
11490,1403593,6,4,0
11490,1417296,2,0,4
11490,1437750,7,4,0x80220200,,0,0x1202f,3,2
11490,1464718,6,4,0
11490,1592953,2,0,4
11490,1615218,6,4,0
11490,1700234,2,0,4
11490,1722562,7,4,0x80220200,,0,0x1202f,3,2
11490,1749515,6,4,0
11490,1846359,2,0,4
11490,1868656,6,4,0
11490,1929234,2,0,4
11490,1951562,7,4,0x80220200,,0,0x1202f,3,2
11490,1978531,6,4,0
11490,2099796,2,0,4
11490,2122093,6,4,0
11490,2199906,2,0,4
11490,2222250,7,4,0x80220200,,0,0x1202f,3,2
11490,2249218,6,4,0
11490,2346109,2,0,4
11490,2368406,6,4,0
11490,2428968,2,0,4
11490,2451250,7,4,0x80220200,,0,0x1202f,3,2
11490,2478203,6,4,0
11490,2602359,2,0,4
11490,2624656,6,4,0
11490,2706781,2,0,4
11490,2729062,7,4,0x80220200,,0,0x1202f,3,2
11490,2756031,6,4,0
11490,2856796,2,0,4
11490,2876593,6,4,0
11490,2898359,2,0,4
11490,2918281,6,4,0
11490,2932000,2,0,4
11490,2952437,7,4,0x80220200,,0,0x1202f,3,2
11490,2979390,6,4,0
11490,3102796,2,0,4
11490,3122593,6,4,0
11490,3146515,2,0,4
11490,3166406,6,4,0
11490,3180109,2,0,4
11490,3200562,7,4,0x80220200,,0,0x1202f,3,2
11490,3227531,6,4,0
11490,3323609,2,0,4
11490,3343406,6,4,0
11490,3365140,2,0,4
11490,3385031,6,4,0
11490,3398750,2,0,4
11490,3419187,7,4,0x80220200,,0,0x1202f,3,2
11490,3446140,6,4,0
11490,3542234,2,0,4
11490,3562031,6,4,0
11490,3583781,2,0,4
11490,3603718,6,4,0
11490,3617437,2,0,4
11490,3637875,7,4,0x80220200,,0,0x1202f,3,2
11490,3664828,6,4,0
11490,3770796,2,0,4
11490,3793093,6,4,0
11490,3853671,2,0,4
11490,3876000,7,4,0x80220200,,0,0x1202f,3,2
11490,3902953,6,4,0
11490,4012015,2,0,4
11490,4034281,6,4,0
11490,4117140,2,0,4
11490,4139437,7,4,0x80220200,,0,0x1202f,3,2
11490,4166390,6,4,0
11490,4263234,2,0,4
11490,4285531,6,4,0
11490,4346093,2,0,4
11490,4368375,7,4,0x80220200,,0,0x1202f,3,2
11490,4395343,6,4,0
11490,4516671,2,0,4
11490,4538968,6,4,0
11490,4621812,2,0,4
11490,4644125,7,4,0x80220200,,0,0x1202f,3,2
11490,4671093,6,4,0
11490,4767921,2,0,4
11490,4790218,6,4,0
11490,4850781,2,0,4
11490,4873062,7,4,0x80220200,,0,0x1202f,3,2
11490,4900015,6,4,0
11490,5020265,2,0,4
11490,5040031,6,4,0
11490,5061765,2,0,4
11490,5081656,6,4,0
11490,5095375,2,0,4
11490,5115812,7,4,0x80220200,,0,0x1202f,3,2
11490,5142765,6,4,0
11490,5238859,2,0,4
11490,5258656,6,4,0
11490,5280406,2,0,4
11490,5300343,6,4,0
11490,5314062,2,0,4
11490,5334500,7,4,0x80220200,,0,0x1202f,3,2
11490,5361453,6,4,0
11490,5457546,2,0,4
11490,5477343,6,4,0
11490,5499109,2,0,4
11490,5519031,6,4,0
11490,5532734,2,0,4
11490,5553187,7,4,0x80220200,,0,0x1202f,3,2
11490,5580156,6,4,0
11490,5676234,2,0,4
11490,5696031,6,4,0
11490,5717796,2,0,4
11490,5737718,6,4,0
11490,5751437,2,0,4
11490,5771875,7,4,0x80220200,,0,0x1202f,3,2
11490,5798828,6,4,0
11490,5927078,2,0,4
11490,5949343,6,4,0
11490,6031515,2,0,4
11490,6053812,7,4,0x80220200,,0,0x1202f,3,2
11490,6080765,6,4,0
11490,6177609,2,0,4
11490,6199906,6,4,0
11490,6260484,2,0,4
11490,6282812,7,4,0x80220200,,0,0x1202f,3,2
11490,6309781,6,4,0
11490,6431046,2,0,4
11490,6453343,6,4,0
11490,6531156,2,0,4
11490,6553500,7,4,0x80220200,,0,0x1202f,3,2
11490,6580468,6,4,0
11490,6677359,2,0,4
11490,6699656,6,4,0
11490,6760218,2,0,4
11490,6782500,7,4,0x80220200,,0,0x1202f,3,2
11490,6809453,6,4,0
11490,6933609,2,0,4
11490,6955906,6,4,0
11490,7038031,2,0,4
11490,7060312,7,4,0x80220200,,0,0x1202f,3,2
11490,7087281,6,4,0
11490,7188046,2,0,4
11490,7207843,6,4,0
11490,7229609,2,0,4
11490,7249531,6,4,0
11490,7263250,2,0,4
11490,7283687,7,4,0x80220200,,0,0x1202f,3,2
11490,7310640,6,4,0
11490,7436203,2,0,4
11490,7455968,6,4,0
11490,7477734,2,0,4
11490,7497656,6,4,0
11490,7511359,2,0,4
11490,7531812,7,4,0x80220200,,0,0x1202f,3,2
11490,7558781,6,4,0
11490,7654859,2,0,4
11490,7674656,6,4,0
11490,7696406,2,0,4
11490,7716281,6,4,0
11490,7730000,2,0,4
11490,7750437,7,4,0x80220200,,0,0x1202f,3,2
11490,7777390,6,4,0
11490,7873484,2,0,4
11490,7893281,6,4,0
11490,7915031,2,0,4
11490,7934968,6,4,0
11490,7948671,2,0,4
11490,7969125,7,4,0x80220200,,0,0x1202f,3,2
11490,7996093,6,4,0
11490,8102046,2,0,4
11490,8124343,6,4,0
11490,8184921,2,0,4
11490,8207250,7,4,0x80220200,,0,0x1202f,3,2
11490,8234203,6,4,0
11490,8343265,2,0,4
11490,8365531,6,4,0
11490,8448390,2,0,4
11490,8470687,7,4,0x80220200,,0,0x1202f,3,2
11490,8497640,6,4,0
11490,8594484,2,0,4
11490,8616781,6,4,0
11490,8677359,2,0,4
11490,8699687,7,4,0x80220200,,0,0x1202f,3,2
11490,8726671,6,4,0
11490,8845828,2,0,4
11490,8868156,6,4,0
11490,8953171,2,0,4
11490,8975500,7,4,0x80220200,,0,0x1202f,3,2
11490,9002484,6,4,0
11490,9099296,2,0,4
11490,9121593,6,4,0
11490,9182171,2,0,4
11490,9204500,7,4,0x80220200,,0,0x1202f,3,2
11490,9231468,6,4,0
11490,9351703,2,0,4
11490,9371531,6,4,0
11490,9393281,2,0,4
11490,9413218,6,4,0
11490,9426953,2,0,4
11490,9447437,7,4,0x80220200,,0,0x1202f,3,2
11490,9474406,6,4,0
11490,9570484,2,0,4
11490,9590281,6,4,0
11490,9612046,2,0,4
11490,9631968,6,4,0
11490,9645703,2,0,4
11490,9666125,7,4,0x80220200,,0,0x1202f,3,2
11490,9693093,6,4,0
11490,9789171,2,0,4
11490,9808968,6,4,0
11490,9830750,2,0,4
11490,9850656,6,4,0
11490,9864375,2,0,4
11490,9884812,7,4,0x80220200,,0,0x1202f,3,2
11490,9911796,6,4,0
11500,12281,2,0,4
11500,32031,6,4,0
11500,54453,2,0,4
11500,74343,6,4,0
11500,88031,2,0,4
11500,108437,7,4,0x80220200,,0,0x1202f,3,2
11500,135390,6,4,0
11500,258546,2,0,4
11500,280843,6,4,0
11500,363671,2,0,4
11500,386000,7,4,0x80220200,,0,0x1202f,3,2
11500,412953,6,4,0
11500,509734,2,0,4
11500,532031,6,4,0
11500,592578,2,0,4
11500,614875,7,4,0x80220200,,0,0x1202f,3,2
11500,641828,6,4,0
11500,760953,2,0,4
11500,783218,6,4,0
11500,865390,2,0,4
11500,887687,7,4,0x80220200,,0,0x1202f,3,2
11500,914656,6,4,0
11500,1011546,2,0,4
11500,1033843,6,4,0
11500,1094421,2,0,4
11500,1116750,7,4,0x80220200,,0,0x1202f,3,2
11500,1143703,6,4,0
11500,1264984,2,0,4
11500,1287281,6,4,0
11500,1367265,2,0,4
11500,1389562,7,4,0x80220200,,0,0x1202f,3,2
11500,1416515,6,4,0
11500,1517296,2,0,4
11500,1537093,6,4,0
11500,1558843,2,0,4
11500,1578781,6,4,0
11500,1592484,2,0,4
11500,1612937,7,4,0x80220200,,0,0x1202f,3,2
11500,1639906,6,4,0
11500,1770484,2,0,4
11500,1790218,6,4,0
11500,1811968,2,0,4
11500,1831906,6,4,0
11500,1845625,2,0,4
11500,1866062,7,4,0x80220200,,0,0x1202f,3,2
11500,1893015,6,4,0
11500,1989109,2,0,4
11500,2008906,6,4,0
11500,2030671,2,0,4
11500,2050593,6,4,0
11500,2064296,2,0,4
11500,2084750,7,4,0x80220200,,0,0x1202f,3,2
11500,2111718,6,4,0
11500,2207796,2,0,4
11500,2227593,6,4,0
11500,2249359,2,0,4
11500,2269281,6,4,0
11500,2283000,2,0,4
11500,2303437,7,4,0x80220200,,0,0x1202f,3,2
11500,2330390,6,4,0
11500,2436359,2,0,4
11500,2458656,6,4,0
11500,2519234,2,0,4
11500,2541562,7,4,0x80220200,,0,0x1202f,3,2
11500,2568531,6,4,0
11500,2675421,2,0,4
11500,2697718,6,4,0
11500,2777687,2,0,4
11500,2800000,7,4,0x80220200,,0,0x1202f,3,2
11500,2826968,6,4,0
11500,2923796,2,0,4
11500,2946093,6,4,0
11500,3006671,2,0,4
11500,3029000,7,4,0x80220200,,0,0x1202f,3,2
11500,3055953,6,4,0
11500,3180171,2,0,4
11500,3202468,6,4,0
11500,3279578,2,0,4
11500,3301875,7,4,0x80220200,,0,0x1202f,3,2
11500,3328828,6,4,0
11500,3425671,2,0,4
11500,3447968,6,4,0
11500,3508546,2,0,4
11500,3530875,7,4,0x80220200,,0,0x1202f,3,2
11500,3557843,6,4,0
11500,3683046,2,0,4
11500,3702843,6,4,0
11500,3724593,2,0,4
11500,3744531,6,4,0
11500,3758234,2,0,4
11500,3778687,7,4,0x80220200,,0,0x1202f,3,2
11500,3805656,6,4,0
11500,3901734,2,0,4
11500,3921531,6,4,0
11500,3943296,2,0,4
11500,3963218,6,4,0
11500,3976921,2,0,4
11500,3997375,7,4,0x80220200,,0,0x1202f,3,2
11500,4024343,6,4,0
11500,4120421,2,0,4
11500,4140218,6,4,0
11500,4161968,2,0,4
11500,4181843,6,4,0
11500,4195562,2,0,4
11500,4216000,7,4,0x80220200,,0,0x1202f,3,2
11500,4242953,6,4,0
11500,4339046,2,0,4
11500,4358843,6,4,0
11500,4380593,2,0,4
11500,4400531,6,4,0
11500,4414234,2,0,4
11500,4434687,7,4,0x80220200,,0,0x1202f,3,2
11500,4461656,6,4,0
11500,4587078,2,0,4
11500,4609343,6,4,0
11500,4694328,2,0,4
11500,4716625,7,4,0x80220200,,0,0x1202f,3,2
11500,4743593,6,4,0
11500,4840421,2,0,4
11500,4862718,6,4,0
11500,4923281,2,0,4
11500,4945562,7,4,0x80220200,,0,0x1202f,3,2
11500,4972515,6,4,0
11500,5088828,2,0,4
11500,5111093,6,4,0
11500,5196078,2,0,4
11500,5218375,7,4,0x80220200,,0,0x1202f,3,2
11500,5245343,6,4,0
11500,5342234,2,0,4
11500,5364531,6,4,0
11500,5425109,2,0,4
11500,5447437,7,4,0x80220200,,0,0x1202f,3,2
11500,5474390,6,4,0
11500,5593515,2,0,4
11500,5615781,6,4,0
11500,5700796,2,0,4
11500,5723125,7,4,0x80220200,,0,0x1202f,3,2
11500,5750078,6,4,0
11500,5850859,2,0,4
11500,5870656,6,4,0
11500,5892421,2,0,4
11500,5912343,6,4,0
11500,5926046,2,0,4
11500,5946500,7,4,0x80220200,,0,0x1202f,3,2
11500,5973468,6,4,0
11500,6096859,2,0,4
11500,6116593,6,4,0
11500,6140500,2,0,4
11500,6160406,6,4,0
11500,6174078,2,0,4
11500,6194500,7,4,0x80220200,,0,0x1202f,3,2
11500,6221468,6,4,0
11500,6317546,2,0,4
11500,6337343,6,4,0
11500,6359109,2,0,4
11500,6379031,6,4,0
11500,6392734,2,0,4
11500,6413187,7,4,0x80220200,,0,0x1202f,3,2
11500,6440156,6,4,0
11500,6536234,2,0,4
11500,6556031,6,4,0
11500,6577781,2,0,4
11500,6597656,6,4,0
11500,6611375,2,0,4
11500,6631812,7,4,0x80220200,,0,0x1202f,3,2
11500,6658765,6,4,0
11500,6764734,2,0,4
11500,6787031,6,4,0
11500,6847609,2,0,4
11500,6869937,7,4,0x80220200,,0,0x1202f,3,2
11500,6896906,6,4,0
11500,7003796,2,0,4
11500,7026093,6,4,0
11500,7111093,2,0,4
11500,7133375,7,4,0x80220200,,0,0x1202f,3,2
11500,7160343,6,4,0
11500,7257171,2,0,4
11500,7279468,6,4,0
11500,7340031,2,0,4
11500,7362375,7,4,0x80220200,,0,0x1202f,3,2
11500,7389328,6,4,0
11500,7508515,2,0,4
11500,7530781,6,4,0
11500,7615796,2,0,4
11500,7638125,7,4,0x80220200,,0,0x1202f,3,2
11500,7665093,6,4,0
11500,7761921,2,0,4
11500,7784218,6,4,0
11500,7844796,2,0,4
11500,7867125,7,4,0x80220200,,0,0x1202f,3,2
11500,7894078,6,4,0
11500,8014328,2,0,4
11500,8034093,6,4,0
11500,8055828,2,0,4
11500,8075718,6,4,0
11500,8089421,2,0,4
11500,8109875,7,4,0x80220200,,0,0x1202f,3,2
11500,8136843,6,4,0
11500,8232921,2,0,4
11500,8252718,6,4,0
11500,8274484,2,0,4
11500,8294406,6,4,0
11500,8308125,2,0,4
11500,8328562,7,4,0x80220200,,0,0x1202f,3,2
11500,8355515,6,4,0
11500,8451609,2,0,4
11500,8471406,6,4,0
11500,8493156,2,0,4
11500,8513093,6,4,0
11500,8526812,2,0,4
11500,8547250,7,4,0x80220200,,0,0x1202f,3,2
11500,8574203,6,4,0
11500,8670296,2,0,4
11500,8690093,6,4,0
11500,8711875,2,0,4
11500,8731781,6,4,0
11500,8745500,2,0,4
11500,8765937,7,4,0x80220200,,0,0x1202f,3,2
11500,8792921,6,4,0
11500,8921140,2,0,4
11500,8943406,6,4,0
11500,9025578,2,0,4
11500,9047937,7,4,0x80220200,,0,0x1202f,3,2
11500,9074906,6,4,0
11500,9171734,2,0,4
11500,9194031,6,4,0
11500,9254609,2,0,4
11500,9276937,7,4,0x80220200,,0,0x1202f,3,2
11500,9303921,6,4,0
11500,9425234,2,0,4
11500,9447531,6,4,0
11500,9525359,2,0,4
11500,9547687,7,4,0x80220200,,0,0x1202f,3,2
11500,9574671,6,4,0
11500,9671546,2,0,4
11500,9693843,6,4,0
11500,9754437,2,0,4
11500,9776750,7,4,0x80220200,,0,0x1202f,3,2
11500,9803718,6,4,0
11500,9927859,2,0,4
11500,9950156,6,4,0
11510,29687,2,0,4
11510,51937,7,4,0x80220200,,0,0x1202f,3,2
11510,78890,6,4,0
11510,179609,2,0,4
11510,199406,6,4,0
11510,221140,2,0,4
11510,241031,6,4,0
11510,254734,2,0,4
11510,275187,7,4,0x80220200,,0,0x1202f,3,2
11510,302125,6,4,0
11510,432671,2,0,4
11510,452468,6,4,0
11510,474218,2,0,4
11510,494093,6,4,0
11510,507796,2,0,4
11510,528250,7,4,0x80220200,,0,0x1202f,3,2
11510,555187,6,4,0
11510,651234,2,0,4
11510,671031,6,4,0
11510,692781,2,0,4
11510,712718,6,4,0
11510,726437,2,0,4
11510,746875,7,4,0x80220200,,0,0x1202f,3,2
11510,773828,6,4,0
11510,869921,2,0,4
11510,889718,6,4,0
11510,911484,2,0,4
11510,931406,6,4,0
11510,945109,2,0,4
11510,965562,7,4,0x80220200,,0,0x1202f,3,2
11510,992531,6,4,0
11510,1098484,2,0,4
11510,1120781,6,4,0
11510,1181343,2,0,4
11510,1203625,7,4,0x80220200,,0,0x1202f,3,2
11510,1230578,6,4,0
11510,1337484,2,0,4
11510,1359781,6,4,0
11510,1439765,2,0,4
11510,1462062,7,4,0x80220200,,0,0x1202f,3,2
11510,1489015,6,4,0
11510,1585859,2,0,4
11510,1608156,6,4,0
11510,1668734,2,0,4
11510,1691062,7,4,0x80220200,,0,0x1202f,3,2
11510,1718031,6,4,0
11510,1842234,2,0,4
11510,1864531,6,4,0
11510,1944500,2,0,4
11510,1966812,7,4,0x80220200,,0,0x1202f,3,2
11510,1993750,6,4,0
11510,2090546,2,0,4
11510,2112843,6,4,0
11510,2173406,2,0,4
11510,2195687,7,4,0x80220200,,0,0x1202f,3,2
11510,2222640,6,4,0
11510,2342890,2,0,4
11510,2362656,6,4,0
11510,2384375,2,0,4
11510,2404281,6,4,0
11510,2418000,2,0,4
11510,2438437,7,4,0x80220200,,0,0x1202f,3,2
11510,2465390,6,4,0
11510,2561484,2,0,4
11510,2581281,6,4,0
11510,2603031,2,0,4
11510,2622968,6,4,0
11510,2636656,2,0,4
11510,2657062,7,4,0x80220200,,0,0x1202f,3,2
11510,2684031,6,4,0
11510,2780109,2,0,4
11510,2799906,6,4,0
11510,2821671,2,0,4
11510,2841593,6,4,0
11510,2855296,2,0,4
11510,2875750,7,4,0x80220200,,0,0x1202f,3,2
11510,2902718,6,4,0
11510,2998796,2,0,4
11510,3018593,6,4,0
11510,3040343,2,0,4
11510,3060218,6,4,0
11510,3073937,2,0,4
11510,3094375,7,4,0x80220200,,0,0x1202f,3,2
11510,3121328,6,4,0
11510,3249578,2,0,4
11510,3271843,6,4,0
11510,3354015,2,0,4
11510,3376312,7,4,0x80220200,,0,0x1202f,3,2
11510,3403281,6,4,0
11510,3500109,2,0,4
11510,3522406,6,4,0
11510,3582984,2,0,4
11510,3605312,7,4,0x80220200,,0,0x1202f,3,2
11510,3632250,6,4,0
11510,3756359,2,0,4
11510,3778656,6,4,0
11510,3855765,2,0,4
11510,3878062,7,4,0x80220200,,0,0x1202f,3,2
11510,3905015,6,4,0
11510,4001921,2,0,4
11510,4024218,6,4,0
11510,4084781,2,0,4
11510,4107062,7,4,0x80220200,,0,0x1202f,3,2
11510,4134031,6,4,0
11510,4260328,2,0,4
11510,4282593,6,4,0
11510,4362562,2,0,4
11510,4384875,7,4,0x80220200,,0,0x1202f,3,2
11510,4411843,6,4,0
11510,4512609,2,0,4
11510,4532406,6,4,0
11510,4554156,2,0,4
11510,4574031,6,4,0
11510,4587750,2,0,4
11510,4608187,7,4,0x80220200,,0,0x1202f,3,2
11510,4635140,6,4,0
11510,4762859,2,0,4
11510,4782656,6,4,0
11510,4804421,2,0,4
11510,4824343,6,4,0
11510,4838062,2,0,4
11510,4858500,7,4,0x80220200,,0,0x1202f,3,2
11510,4885453,6,4,0
11510,4981546,2,0,4
11510,5001281,6,4,0
11510,5023031,2,0,4
----
