

microT-Kernel Version 3.00

Task Tracer 1.00
Copyright (C) 2010-2022 Personal Media Corporation
A:   Server
B:   Vehicle
A+B: Test
Selected: Vehicle
Departure Time: 3000
Left intersection, flag set to 1
Reached next intersection, stopping tracking
(Required Time: 1451 ms)
Addtional waiting time: 549 ms
Left intersection, flag set to 1
Reached next intersection, stopping tracking
(Required Time: 470 ms)
Addtional waiting time: 3530 ms
Start Left Turn
Left the line
New line found, stopping rotation
(Required Time: 1256 ms)
Addtional waiting time: 1744 ms
Left intersection, flag set to 1
Reached next intersection, stopping tracking
(Required Time: 2522 ms)
Addtional waiting time: 1478 ms
Left intersection, flag set to 1
Reached next intersection, stopping tracking
(Required Time: 2852 ms)
Addtional waiting time: 1148 ms
åƒÇ—Ç‹Å[Ç∑
Start Left Turn
Left the line
New line found, stopping rotation
(Required Time: 2360 ms)
Addtional waiting time: 640 ms
Left intersection, flag set to 1
Reached next intersection, stopping tracking
(Required Time: 2004 ms)
Addtional waiting time: 1996 ms
Start Left Turn
Left the line
New line found, stopping rotation
(Required Time: 1256 ms)
Addtional waiting time: 1744 ms
Left intersection, flag set to 1
Reached next intersection, stopping tracking
(Required Time: 2057 ms)
Addtional waiting time: 1943 ms
Left intersection, flag set to 1
Reached next intersection, stopping tracking
(Required Time: 2874 ms)
Addtional waiting time: 1126 ms
finish driving
----
2,2,4,2026,1
0,2,0,0x547874,2,0x11585
0,3,0,0x547874,2,0x11585
1,1,0x11499
1,3,0x11fb9
1,4,0x11fb9
1,10,0xece9
9700,165859,2,0,4
9700,185656,6,4,0
9700,207406,2,0,4
9700,227281,6,4,0
9700,240968,2,0,4
9700,261375,7,4,0x80220200,,0,0x1202f,3,2
9700,288328,6,4,0
9700,411671,2,0,4
9700,431406,6,4,0
9700,455312,2,0,4
9700,475218,6,4,0
9700,488906,2,0,4
9700,509312,7,4,0x80220200,,0,0x1202f,3,2
9700,536265,6,4,0
9720,2012640,1,0,2,0
9720,2028187,3,2,0x80370200,,0,0x115a7,1,0x2001b580
9720,2308375,2,2,1
9720,2321562,6,1,2
9720,2335765,4,2,0x80130100,,0x1168f,10
9720,2372156,1,2,0,4
9730,5907828,2,0,1
9730,5923562,7,1,0x80060100,,0,0x114d3,2
9730,6107734,6,1,0
12730,144734,2,0,4
12730,166968,6,4,0
12730,237593,2,0,4
12730,259875,7,4,0x80220200,,0,0x1202f,3,2
12730,286828,6,4,0
12730,383609,2,0,4
12730,405906,6,4,0
12730,466453,2,0,4
12730,488750,7,4,0x80220200,,0,0x1202f,3,2
12730,515687,6,4,0
12730,622546,2,0,4
12730,644843,6,4,0
12730,726984,2,0,4
12730,749312,7,4,0x80220200,,0,0x1202f,3,2
12730,776265,6,4,0
12730,873171,2,0,4
12730,895468,6,4,0
12730,956046,2,0,4
12730,978375,7,4,0x80220200,,0,0x1202f,3,2
12730,1005343,6,4,0
12730,1126609,2,0,4
12730,1148906,6,4,0
12730,1226734,2,0,4
12730,1249062,7,4,0x80220200,,0,0x1202f,3,2
12730,1276015,6,4,0
12730,4348515,2,0,4
12730,4370781,6,4,0
12730,4452921,2,0,4
12730,4475250,7,4,0x80220200,,0,0x1202f,3,2
12730,4502203,6,4,0
12730,4599046,2,0,4
12730,4621343,6,4,0
12730,4681921,2,0,4
12730,4704250,7,4,0x80220200,,0,0x1202f,3,2
12730,4731218,6,4,0
12730,4852484,2,0,4
12730,4874781,6,4,0
12730,4957625,2,0,4
12730,4979937,7,4,0x80220200,,0,0x1202f,3,2
12730,5006906,6,4,0
12730,5103796,2,0,4
12730,5126093,6,4,0
12730,5186656,2,0,4
12730,5208937,7,4,0x80220200,,0,0x1202f,3,2
12730,5235890,6,4,0
12730,5355015,2,0,4
12730,5377281,6,4,0
12730,5457250,2,0,4
12730,5479562,7,4,0x80220200,,0,0x1202f,3,2
12730,5506531,6,4,0
12730,5607171,2,0,4
12730,5626968,6,4,0
12730,5648734,2,0,4
12730,5668656,6,4,0
12730,5682359,2,0,4
12730,5702812,7,4,0x80220200,,0,0x1202f,3,2
12730,5729750,6,4,0
12730,5860296,2,0,4
12730,5880093,6,4,0
12730,5901859,2,0,4
12730,5921781,6,4,0
12730,5935484,2,0,4
12730,5955937,7,4,0x80220200,,0,0x1202f,3,2
12730,5982906,6,4,0
12730,6079796,2,0,4
12730,6099593,6,4,0
12730,6121343,2,0,4
12730,6141218,6,4,0
12730,6154937,2,0,4
12730,6175375,7,4,0x80220200,,0,0x1202f,3,2
12730,6202328,6,4,0
12730,6298421,2,0,4
12730,6318218,6,4,0
12730,6339968,2,0,4
12730,6359906,6,4,0
12730,6373609,2,0,4
12730,6394062,7,4,0x80220200,,0,0x1202f,3,2
12730,6421031,6,4,0
12730,6526984,2,0,4
12730,6549281,6,4,0
12730,6609859,2,0,4
12730,6632187,7,4,0x80220200,,0,0x1202f,3,2
12730,6659140,6,4,0
12730,6766046,2,0,4
12730,6788343,6,4,0
12730,6868328,2,0,4
12730,6890625,7,4,0x80220200,,0,0x1202f,3,2
12730,6917578,6,4,0
12730,7014421,2,0,4
12730,7036656,6,4,0
12730,7097265,2,0,4
12730,7119562,7,4,0x80220200,,0,0x1202f,3,2
12730,7146531,6,4,0
12730,7270734,2,0,4
12730,7293031,6,4,0
12730,7370140,2,0,4
12730,7392437,7,4,0x80220200,,0,0x1202f,3,2
12730,7419406,6,4,0
12730,7516234,2,0,4
12730,7538531,6,4,0
12730,7599078,2,0,4
12730,7621375,7,4,0x80220200,,0,0x1202f,3,2
12730,7648328,6,4,0
12730,7773265,2,0,4
12730,7795531,6,4,0
12730,7877671,2,0,4
12730,7900000,7,4,0x80220200,,0,0x1202f,3,2
12730,7926968,6,4,0
12730,8023796,2,0,4
12730,8046093,6,4,0
12730,8106671,2,0,4
12730,8129000,7,4,0x80220200,,0,0x1202f,3,2
12730,8155953,6,4,0
12730,8277234,2,0,4
12730,8299531,6,4,0
12730,8377359,2,0,4
12730,8399687,7,4,0x80220200,,0,0x1202f,3,2
12730,8426640,6,4,0
12730,8523546,2,0,4
12730,8545843,6,4,0
12730,8606406,2,0,4
12730,8628750,7,4,0x80220200,,0,0x1202f,3,2
12730,8655734,6,4,0
12730,8776984,2,0,4
12730,8799281,6,4,0
12730,8884296,2,0,4
12730,8906625,7,4,0x80220200,,0,0x1202f,3,2
12730,8933609,6,4,0
12730,9034234,2,0,4
12730,9054031,6,4,0
12730,9075796,2,0,4
12730,9095718,6,4,0
12730,9109453,2,0,4
12730,9129937,7,4,0x80220200,,0,0x1202f,3,2
12730,9156906,6,4,0
12730,9284609,2,0,4
12730,9304406,6,4,0
12730,9326187,2,0,4
12730,9346093,6,4,0
12730,9359828,2,0,4
12730,9380312,7,4,0x80220200,,0,0x1202f,3,2
12730,9407281,6,4,0
12730,9504171,2,0,4
12730,9523968,6,4,0
12730,9545734,2,0,4
12730,9565656,6,4,0
12730,9579390,2,0,4
12730,9599812,7,4,0x80220200,,0,0x1202f,3,2
12730,9626781,6,4,0
12730,9722859,2,0,4
12730,9742656,6,4,0
12730,9764437,2,0,4
12730,9784343,6,4,0
12730,9798062,2,0,4
12730,9818500,7,4,0x80220200,,0,0x1202f,3,2
12730,9845484,6,4,0
12730,9951421,2,0,4
12730,9973718,6,4,0
12740,34546,2,0,4
12740,56875,7,4,0x80220200,,0,0x1202f,3,2
12740,83828,6,4,0
12740,187828,2,0,4
12740,210093,6,4,0
12740,295078,2,0,4
12740,317375,7,4,0x80220200,,0,0x1202f,3,2
12740,344328,6,4,0
12740,441109,2,0,4
12740,463406,6,4,0
12740,523953,2,0,4
12740,546250,7,4,0x80220200,,0,0x1202f,3,2
12740,573203,6,4,0
12740,694546,2,0,4
12740,716843,6,4,0
12740,794671,2,0,4
12740,817000,7,4,0x80220200,,0,0x1202f,3,2
12740,843953,6,4,0
12740,940796,2,0,4
12740,963093,6,4,0
12740,1023671,2,0,4
12740,1046000,7,4,0x80220200,,0,0x1202f,3,2
12740,1072968,6,4,0
12740,1197953,2,0,4
12740,1220218,6,4,0
12740,1300203,2,0,4
12740,1322500,7,4,0x80220200,,0,0x1202f,3,2
12740,1349453,6,4,0
12740,1446296,2,0,4
12740,1468593,6,4,0
12740,1529156,2,0,4
12740,1551437,7,4,0x80220200,,0,0x1202f,3,2
12740,1578406,6,4,0
12740,1702546,2,0,4
12740,1724843,6,4,0
12740,1801953,2,0,4
12740,1824250,7,4,0x80220200,,0,0x1202f,3,2
12740,1851218,6,4,0
12740,1948109,2,0,4
12740,1970406,6,4,0
12740,2030968,2,0,4
12740,2053312,7,4,0x80220200,,0,0x1202f,3,2
12740,2080265,6,4,0
12740,2201546,2,0,4
12740,2223843,6,4,0
12740,2308859,2,0,4
12740,2331187,7,4,0x80220200,,0,0x1202f,3,2
12740,2358156,6,4,0
12740,2458796,2,0,4
12740,2478593,6,4,0
12740,2500359,2,0,4
12740,2520281,6,4,0
12740,2533984,2,0,4
12740,2554437,7,4,0x80220200,,0,0x1202f,3,2
12740,2581406,6,4,0
12740,2709109,2,0,4
12740,2728906,6,4,0
12740,2750671,2,0,4
12740,2770593,6,4,0
12740,2784296,2,0,4
12740,2804750,7,4,0x80220200,,0,0x1202f,3,2
12740,2831718,6,4,0
12740,2928609,2,0,4
12740,2948406,6,4,0
12740,2970171,2,0,4
12740,2990093,6,4,0
12740,3003812,2,0,4
12740,3024250,7,4,0x80220200,,0,0x1202f,3,2
12740,3051203,6,4,0
12740,3147296,2,0,4
12740,3167031,6,4,0
12740,3188781,2,0,4
12740,3208718,6,4,0
12740,3222437,2,0,4
12740,3242875,7,4,0x80220200,,0,0x1202f,3,2
12740,3269828,6,4,0
12740,3375796,2,0,4
12740,3398093,6,4,0
12740,3458671,2,0,4
12740,3481000,7,4,0x80220200,,0,0x1202f,3,2
12740,3507953,6,4,0
12740,3612015,2,0,4
12740,3634281,6,4,0
12740,3719281,2,0,4
12740,3741625,7,4,0x80220200,,0,0x1202f,3,2
12740,3768578,6,4,0
12740,3865421,2,0,4
12740,3887718,6,4,0
12740,3948281,2,0,4
12740,3970562,7,4,0x80220200,,0,0x1202f,3,2
12740,3997531,6,4,0
12740,4118859,2,0,4
12740,4141156,6,4,0
12740,4218968,2,0,4
12740,4241250,7,4,0x80220200,,0,0x1202f,3,2
12740,4268218,6,4,0
12740,4365046,2,0,4
12740,4387343,6,4,0
12740,4447921,2,0,4
12740,4470250,7,4,0x80220200,,0,0x1202f,3,2
12740,4497203,6,4,0
12740,4622203,2,0,4
12740,4644468,6,4,0
12740,4724453,2,0,4
12740,4746750,7,4,0x80220200,,0,0x1202f,3,2
12740,4773703,6,4,0
12740,4870546,2,0,4
12740,4892843,6,4,0
12740,4953421,2,0,4
12740,4975750,7,4,0x80220200,,0,0x1202f,3,2
12740,5002718,6,4,0
12740,5126859,2,0,4
12740,5149156,6,4,0
12740,5229140,2,0,4
12740,5251437,7,4,0x80220200,,0,0x1202f,3,2
12740,5278390,6,4,0
12740,5375296,2,0,4
12740,5397531,6,4,0
12740,5458140,2,0,4
12740,5480437,7,4,0x80220200,,0,0x1202f,3,2
12740,5507406,6,4,0
12740,5628671,2,0,4
12740,5650968,6,4,0
12740,5733812,2,0,4
12740,5756125,7,4,0x80220200,,0,0x1202f,3,2
12740,5783093,6,4,0
12740,5883734,2,0,4
12740,5903531,6,4,0
12740,5925281,2,0,4
12740,5945156,6,4,0
12740,5958875,2,0,4
12740,5979312,7,4,0x80220200,,0,0x1202f,3,2
12740,6006265,6,4,0
12740,6133984,2,0,4
12740,6153781,6,4,0
12740,6175546,2,0,4
12740,6195468,6,4,0
12740,6209187,2,0,4
12740,6229625,7,4,0x80220200,,0,0x1202f,3,2
12740,6256578,6,4,0
12740,6353484,2,0,4
12740,6373281,6,4,0
12740,6395031,2,0,4
12740,6414968,6,4,0
12740,6428687,2,0,4
12740,6449125,7,4,0x80220200,,0,0x1202f,3,2
12740,6476078,6,4,0
12740,6572171,2,0,4
12740,6591968,6,4,0
12740,6613734,2,0,4
12740,6633656,6,4,0
12740,6647359,2,0,4
12740,6667812,7,4,0x80220200,,0,0x1202f,3,2
12740,6694781,6,4,0
12740,6800734,2,0,4
12740,6823031,6,4,0
12740,6883593,2,0,4
12740,6905875,7,4,0x80220200,,0,0x1202f,3,2
12740,6932828,6,4,0
12740,7036890,2,0,4
12740,7059156,6,4,0
12740,7144171,2,0,4
12740,7166437,7,4,0x80220200,,0,0x1202f,3,2
12740,7193390,6,4,0
12740,7290234,2,0,4
12740,7312531,6,4,0
12740,7373109,2,0,4
12740,7395437,7,4,0x80220200,,0,0x1202f,3,2
12740,7422406,6,4,0
12740,7543734,2,0,4
12740,7566031,6,4,0
12740,7643843,2,0,4
12740,7666187,7,4,0x80220200,,0,0x1202f,3,2
12740,7693156,6,4,0
12740,7789984,2,0,4
12740,7812281,6,4,0
12740,7872843,2,0,4
12740,7895125,7,4,0x80220200,,0,0x1202f,3,2
12740,7922078,6,4,0
12740,8047078,2,0,4
12740,8069343,6,4,0
12740,8146453,2,0,4
12740,8168750,7,4,0x80220200,,0,0x1202f,3,2
12740,8195718,6,4,0
12740,8292546,2,0,4
12740,8314843,6,4,0
12740,8375421,2,0,4
12740,8397750,7,4,0x80220200,,0,0x1202f,3,2
12740,8424703,6,4,0
12740,8545984,2,0,4
12740,8568281,6,4,0
12740,8653296,2,0,4
12740,8675625,7,4,0x80220200,,0,0x1202f,3,2
12740,8702593,6,4,0
12740,8799484,2,0,4
12740,8821781,6,4,0
12740,8882375,2,0,4
12740,8904687,7,4,0x80220200,,0,0x1202f,3,2
12740,8931671,6,4,0
12740,9050765,2,0,4
12740,9073031,6,4,0
12740,9158046,2,0,4
12740,9180375,7,4,0x80220200,,0,0x1202f,3,2
12740,9207343,6,4,0
12740,9307984,2,0,4
12740,9327781,6,4,0
12740,9349546,2,0,4
12740,9369468,6,4,0
12740,9383203,2,0,4
12740,9403625,7,4,0x80220200,,0,0x1202f,3,2
12740,9430593,6,4,0
12740,9553984,2,0,4
12740,9573781,6,4,0
12740,9597703,2,0,4
12740,9617593,6,4,0
12740,9631328,2,0,4
12740,9651812,7,4,0x80220200,,0,0x1202f,3,2
12740,9678781,6,4,0
12740,9775671,2,0,4
12740,9795468,6,4,0
12740,9817234,2,0,4
12740,9837156,6,4,0
12740,9850875,2,0,4
12740,9871312,7,4,0x80220200,,0,0x1202f,3,2
12740,9898296,6,4,0
12740,9994359,2,0,4
12750,20156,6,4,0
12750,43296,2,0,4
12750,63218,6,4,0
12750,76921,2,0,4
12750,97312,7,4,0x80220200,,0,0x1202f,3,2
12750,124250,6,4,0
12750,261796,2,0,4
12750,284093,6,4,0
12750,366921,2,0,4
12750,389250,7,4,0x80220200,,0,0x1202f,3,2
12750,416203,6,4,0
12750,512984,2,0,4
12750,535281,6,4,0
12750,595828,2,0,4
12750,618125,7,4,0x80220200,,0,0x1202f,3,2
12750,645078,6,4,0
12750,766359,2,0,4
12750,788656,6,4,0
12750,866468,2,0,4
12750,888750,7,4,0x80220200,,0,0x1202f,3,2
12750,915718,6,4,0
12750,1012609,2,0,4
12750,1034906,6,4,0
12750,1095484,2,0,4
12750,1117812,7,4,0x80220200,,0,0x1202f,3,2
12750,1144765,6,4,0
12750,1266046,2,0,4
12750,1288343,6,4,0
12750,1373359,2,0,4
12750,1395687,7,4,0x80220200,,0,0x1202f,3,2
12750,1422640,6,4,0
12750,1532546,2,0,4
12750,1554843,6,4,0
12750,1615421,2,0,4
12750,1637750,7,4,0x80220200,,0,0x1202f,3,2
12750,1664718,6,4,0
12750,1768765,2,0,4
12750,1791031,6,4,0
12750,1873875,2,0,4
12750,1896187,7,4,0x80220200,,0,0x1202f,3,2
12750,1923156,6,4,0
12750,2019984,2,0,4
12750,2042281,6,4,0
12750,2102843,2,0,4
12750,2125125,7,4,0x80220200,,0,0x1202f,3,2
12750,2152078,6,4,0
12750,2276296,2,0,4
12750,2298593,6,4,0
12750,2378562,2,0,4
12750,2400875,7,4,0x80220200,,0,0x1202f,3,2
12750,2427843,6,4,0
12750,2524671,2,0,4
12750,2546968,6,4,0
12750,2607546,2,0,4
12750,2629875,7,4,0x80220200,,0,0x1202f,3,2
12750,2656828,6,4,0
12750,2779765,2,0,4
12750,2799531,6,4,0
12750,2821296,2,0,4
12750,2841218,6,4,0
12750,2854921,2,0,4
12750,2875375,7,4,0x80220200,,0,0x1202f,3,2
12750,2902343,6,4,0
12750,2998421,2,0,4
12750,3018218,6,4,0
12750,3039968,2,0,4
12750,3059843,6,4,0
12750,3073562,2,0,4
12750,3094000,7,4,0x80220200,,0,0x1202f,3,2
12750,3120953,6,4,0
12750,3217859,2,0,4
12750,3237656,6,4,0
12750,3259406,2,0,4
12750,3279343,6,4,0
12750,3293046,2,0,4
12750,3313500,7,4,0x80220200,,0,0x1202f,3,2
12750,3340468,6,4,0
12750,3436546,2,0,4
12750,3456343,6,4,0
12750,3478109,2,0,4
12750,3498031,6,4,0
12750,3511734,2,0,4
12750,3532187,7,4,0x80220200,,0,0x1202f,3,2
12750,3559156,6,4,0
12750,3687390,2,0,4
12750,3709656,6,4,0
12750,3789640,2,0,4
12750,3811937,7,4,0x80220200,,0,0x1202f,3,2
12750,3838890,6,4,0
12750,3935734,2,0,4
12750,3958031,6,4,0
12750,4018593,2,0,4
12750,4040875,7,4,0x80220200,,0,0x1202f,3,2
12750,4067843,6,4,0
12750,4189109,2,0,4
12750,4211406,6,4,0
12750,4294250,2,0,4
12750,4316562,7,4,0x80220200,,0,0x1202f,3,2
12750,4343531,6,4,0
12750,4440421,2,0,4
12750,4462718,6,4,0
12750,4523281,2,0,4
12750,4545562,7,4,0x80220200,,0,0x1202f,3,2
12750,4572515,6,4,0
12750,4693796,2,0,4
12750,4716093,6,4,0
12750,4793921,2,0,4
12750,4816250,7,4,0x80220200,,0,0x1202f,3,2
12750,4843203,6,4,0
12750,4953109,2,0,4
12750,4975406,6,4,0
12750,5035984,2,0,4
12750,5058312,7,4,0x80220200,,0,0x1202f,3,2
12750,5085265,6,4,0
12750,5197203,2,0,4
12750,5219468,6,4,0
12750,5299453,2,0,4
12750,5321750,7,4,0x80220200,,0,0x1202f,3,2
12750,5348703,6,4,0
12750,5445546,2,0,4
12750,5467843,6,4,0
12750,5528406,2,0,4
12750,5550687,7,4,0x80220200,,0,0x1202f,3,2
12750,5577656,6,4,0
12750,5701859,2,0,4
12750,5724093,6,4,0
12750,5804062,2,0,4
12750,5826375,7,4,0x80220200,,0,0x1202f,3,2
12750,5853343,6,4,0
12750,5950171,2,0,4
12750,5972468,6,4,0
12750,6033031,2,0,4
12750,6055312,7,4,0x80220200,,0,0x1202f,3,2
12750,6082265,6,4,0
12750,6205203,2,0,4
12750,6224968,6,4,0
12750,6246734,2,0,4
12750,6266656,6,4,0
12750,6280375,2,0,4
12750,6300812,7,4,0x80220200,,0,0x1202f,3,2
12750,6327765,6,4,0
12750,6423859,2,0,4
12750,6443593,6,4,0
12750,6465343,2,0,4
12750,6485281,6,4,0
12750,6499000,2,0,4
12750,6519437,7,4,0x80220200,,0,0x1202f,3,2
12750,6546390,6,4,0
12750,6643296,2,0,4
12750,6663093,6,4,0
12750,6684859,2,0,4
12750,6704718,6,4,0
12750,6718421,2,0,4
12750,6738875,7,4,0x80220200,,0,0x1202f,3,2
12750,6765843,6,4,0
12750,6861921,2,0,4
12750,6881718,6,4,0
12750,6903453,2,0,4
12750,6923343,6,4,0
12750,6937062,2,0,4
12750,6957500,7,4,0x80220200,,0,0x1202f,3,2
12750,6984453,6,4,0
12750,7107671,2,0,4
12750,7129968,6,4,0
12750,7214984,2,0,4
12750,7237312,7,4,0x80220200,,0,0x1202f,3,2
12750,7264265,6,4,0
12750,7361109,2,0,4
12750,7383406,6,4,0
12750,7443984,2,0,4
12750,7466312,7,4,0x80220200,,0,0x1202f,3,2
12750,7493281,6,4,0
12750,7614546,2,0,4
12750,7636843,6,4,0
12750,7716828,2,0,4
12750,7739125,7,4,0x80220200,,0,0x1202f,3,2
12750,7766078,6,4,0
12750,7862984,2,0,4
12750,7885281,6,4,0
12750,7945843,2,0,4
12750,7968125,7,4,0x80220200,,0,0x1202f,3,2
12750,7995093,6,4,0
12750,8119234,2,0,4
12750,8141531,6,4,0
12750,8221500,2,0,4
12750,8243812,7,4,0x80220200,,0,0x1202f,3,2
12750,8270781,6,4,0
12750,8380671,2,0,4
12750,8402968,6,4,0
12750,8463531,2,0,4
12750,8485812,7,4,0x80220200,,0,0x1202f,3,2
12750,8512765,6,4,0
12750,8621828,2,0,4
12750,8644156,6,4,0
12750,8722000,2,0,4
12750,8744312,7,4,0x80220200,,0,0x1202f,3,2
12750,8771281,6,4,0
12750,8868109,2,0,4
12750,8890406,6,4,0
12750,8951000,2,0,4
12750,8973312,7,4,0x80220200,,0,0x1202f,3,2
12750,9000296,6,4,0
12750,9121609,2,0,4
12750,9143906,6,4,0
12750,9228937,2,0,4
12750,9251250,7,4,0x80220200,,0,0x1202f,3,2
12750,9278218,6,4,0
12750,9375046,2,0,4
12750,9397343,6,4,0
12750,9457921,2,0,4
12750,9480250,7,4,0x80220200,,0,0x1202f,3,2
12750,9507234,6,4,0
12750,9625109,2,0,4
12750,9644906,6,4,0
12750,9666671,2,0,4
12750,9686593,6,4,0
12750,9700328,2,0,4
12750,9720750,7,4,0x80220200,,0,0x1202f,3,2
12750,9747718,6,4,0
12750,9843796,2,0,4
12750,9863593,6,4,0
12750,9885359,2,0,4
12750,9905281,6,4,0
12750,9919000,2,0,4
12750,9939437,7,4,0x80220200,,0,0x1202f,3,2
12750,9966421,6,4,0
12760,68921,2,0,4
12760,88656,6,4,0
12760,110390,2,0,4
12760,130281,6,4,0
12760,143984,2,0,4
12760,164375,7,4,0x80220200,,0,0x1202f,3,2
12760,191312,6,4,0
12760,287359,2,0,4
12760,307093,6,4,0
12760,328843,2,0,4
12760,348718,6,4,0
12760,362406,2,0,4
12760,382812,7,4,0x80220200,,0,0x1202f,3,2
12760,409765,6,4,0
12760,535140,2,0,4
12760,557406,6,4,0
12760,635187,2,0,4
12760,657500,7,4,0x80220200,,0,0x1202f,3,2
12760,684453,6,4,0
12760,781296,2,0,4
12760,803593,6,4,0
12760,864156,2,0,4
12760,886437,7,4,0x80220200,,0,0x1202f,3,2
12760,913406,6,4,0
12760,1039703,2,0,4
12760,1061968,6,4,0
12760,1141937,2,0,4
12760,1164250,7,4,0x80220200,,0,0x1202f,3,2
12760,1191218,6,4,0
12760,1288109,2,0,4
12760,1310406,6,4,0
12760,1370984,2,0,4
12760,1393312,7,4,0x80220200,,0,0x1202f,3,2
12760,1420265,6,4,0
12760,1539390,2,0,4
12760,1561656,6,4,0
12760,1643828,2,0,4
12760,1666125,7,4,0x80220200,,0,0x1202f,3,2
12760,1693078,6,4,0
12760,1802984,2,0,4
12760,1825281,6,4,0
12760,1885859,2,0,4
12760,1908187,7,4,0x80220200,,0,0x1202f,3,2
12760,1935140,6,4,0
12760,2047078,2,0,4
12760,2069343,6,4,0
12760,2149328,2,0,4
12760,2171625,7,4,0x80220200,,0,0x1202f,3,2
12760,2198578,6,4,0
12760,2295421,2,0,4
12760,2317656,6,4,0
12760,2378265,2,0,4
12760,2400562,7,4,0x80220200,,0,0x1202f,3,2
12760,2427531,6,4,0
12760,2548859,2,0,4
12760,2571156,6,4,0
12760,2651140,2,0,4
12760,2673437,7,4,0x80220200,,0,0x1202f,3,2
12760,2700406,6,4,0
12760,2797234,2,0,4
12760,2819531,6,4,0
12760,2880078,2,0,4
12760,2902375,7,4,0x80220200,,0,0x1202f,3,2
12760,2929328,6,4,0
12760,3049453,2,0,4
12760,3069218,6,4,0
12760,3090953,2,0,4
12760,3110843,6,4,0
12760,3124546,2,0,4
12760,3145000,7,4,0x80220200,,0,0x1202f,3,2
12760,3171968,6,4,0
12760,3268046,2,0,4
12760,3287843,6,4,0
12760,3309593,2,0,4
12760,3329468,6,4,0
12760,3343187,2,0,4
12760,3363625,7,4,0x80220200,,0,0x1202f,3,2
12760,3390578,6,4,0
12760,3487484,2,0,4
12760,3507281,6,4,0
12760,3529046,2,0,4
12760,3548968,6,4,0
12760,3562671,2,0,4
12760,3583125,7,4,0x80220200,,0,0x1202f,3,2
12760,3610093,6,4,0
12760,3706171,2,0,4
12760,3725968,6,4,0
12760,3747734,2,0,4
12760,3767656,6,4,0
12760,3781359,2,0,4
12760,3801812,7,4,0x80220200,,0,0x1202f,3,2
12760,3828750,6,4,0
12760,3959109,2,0,4
12760,3981406,6,4,0
12760,4059234,2,0,4
12760,4081562,7,4,0x80220200,,0,0x1202f,3,2
12760,4108515,6,4,0
12760,4205359,2,0,4
12760,4227656,6,4,0
12760,4288218,2,0,4
12760,4310500,7,4,0x80220200,,0,0x1202f,3,2
12760,4337468,6,4,0
12760,4463765,2,0,4
12760,4486031,6,4,0
12760,4563843,2,0,4
12760,4586187,7,4,0x80220200,,0,0x1202f,3,2
12760,4613156,6,4,0
12760,4710046,2,0,4
12760,4732343,6,4,0
12760,4792906,2,0,4
12760,4815187,7,4,0x80220200,,0,0x1202f,3,2
12760,4842140,6,4,0
12760,4963421,2,0,4
12760,4985718,6,4,0
12760,5070718,2,0,4
12760,5093000,7,4,0x80220200,,0,0x1202f,3,2
12760,5119968,6,4,0
12760,5229859,2,0,4
12760,5252156,6,4,0
12760,5312718,2,0,4
12760,5335000,7,4,0x80220200,,0,0x1202f,3,2
12760,5361953,6,4,0
12760,5471015,2,0,4
12760,5493281,6,4,0
12760,5573265,2,0,4
12760,5595562,7,4,0x80220200,,0,0x1202f,3,2
12760,5622515,6,4,0
12760,5719359,2,0,4
12760,5741656,6,4,0
12760,5802234,2,0,4
12760,5824562,7,4,0x80220200,,0,0x1202f,3,2
12760,5851531,6,4,0
12760,5970703,2,0,4
12760,5992968,6,4,0
12760,6075140,2,0,4
12760,6097437,7,4,0x80220200,,0,0x1202f,3,2
12760,6124390,6,4,0
12760,6221234,2,0,4
12760,6243531,6,4,0
12760,6304093,2,0,4
12760,6326375,7,4,0x80220200,,0,0x1202f,3,2
12760,6353343,6,4,0
12760,6476265,2,0,4
12760,6496031,6,4,0
12760,6517781,2,0,4
12760,6537656,6,4,0
12760,6551375,2,0,4
12760,6571812,7,4,0x80220200,,0,0x1202f,3,2
12760,6598765,6,4,0
12760,6694859,2,0,4
12760,6714656,6,4,0
12760,6736406,2,0,4
12760,6756343,6,4,0
12760,6770046,2,0,4
12760,6790500,7,4,0x80220200,,0,0x1202f,3,2
12760,6817468,6,4,0
12760,6914359,2,0,4
12760,6934156,6,4,0
12760,6955921,2,0,4
12760,6975843,6,4,0
12760,6989546,2,0,4
12760,7010000,7,4,0x80220200,,0,0x1202f,3,2
12760,7036968,6,4,0
12760,7133046,2,0,4
12760,7152843,6,4,0
12760,7174593,2,0,4
12760,7194468,6,4,0
12760,7208187,2,0,4
12760,7228625,7,4,0x80220200,,0,0x1202f,3,2
12760,7255578,6,4,0
12760,7383828,2,0,4
12760,7406093,6,4,0
12760,7488265,2,0,4
12760,7510562,7,4,0x80220200,,0,0x1202f,3,2
12760,7537531,6,4,0
12760,7634296,2,0,4
12760,7656593,6,4,0
12760,7717171,2,0,4
12760,7739500,7,4,0x80220200,,0,0x1202f,3,2
12760,7766453,6,4,0
12760,7887734,2,0,4
12760,7910031,6,4,0
12760,7990015,2,0,4
12760,8012312,7,4,0x80220200,,0,0x1202f,3,2
12760,8039265,6,4,0
12760,8136171,2,0,4
12760,8158468,6,4,0
12760,8219031,2,0,4
12760,8241312,7,4,0x80220200,,0,0x1202f,3,2
12760,8268281,6,4,0
12760,8387390,2,0,4
12760,8409656,6,4,0
12760,8491828,2,0,4
12760,8514125,7,4,0x80220200,,0,0x1202f,3,2
12760,8541093,6,4,0
12760,8650984,2,0,4
12760,8673281,6,4,0
12760,8733859,2,0,4
12760,8756187,7,4,0x80220200,,0,0x1202f,3,2
12760,8783171,6,4,0
12760,8895078,2,0,4
12760,8917406,6,4,0
12760,8997390,2,0,4
12760,9019687,7,4,0x80220200,,0,0x1202f,3,2
12760,9046671,6,4,0
12760,9143484,2,0,4
12760,9165781,6,4,0
12760,9226375,2,0,4
12760,9248687,7,4,0x80220200,,0,0x1202f,3,2
12760,9275656,6,4,0
12760,9396984,2,0,4
12760,9419281,6,4,0
12760,9502156,2,0,4
12760,9524500,7,4,0x80220200,,0,0x1202f,3,2
12760,9551468,6,4,0
12760,9648296,2,0,4
12760,9670593,6,4,0
12760,9731187,2,0,4
12760,9753500,7,4,0x80220200,,0,0x1202f,3,2
12760,9780484,6,4,0
12760,9900578,2,0,4
12760,9920343,6,4,0
12760,9942078,2,0,4
12760,9962031,6,4,0
12760,9975734,2,0,4
12760,9996187,7,4,0x80220200,,0,0x1202f,3,2
12770,29203,6,4,0
12770,125234,2,0,4
12770,145031,6,4,0
12770,166765,2,0,4
12770,186656,6,4,0
12770,200359,2,0,4
12770,220750,7,4,0x80220200,,0,0x1202f,3,2
12770,247687,6,4,0
12770,344546,2,0,4
12770,364281,6,4,0
12770,386031,2,0,4
12770,405906,6,4,0
12770,419593,2,0,4
12770,440000,7,4,0x80220200,,0,0x1202f,3,2
12770,466953,6,4,0
12770,562984,2,0,4
12770,582781,6,4,0
12770,604546,2,0,4
12770,624468,6,4,0
12770,638187,2,0,4
12770,658625,7,4,0x80220200,,0,0x1202f,3,2
12770,685578,6,4,0
12770,806640,2,0,4
12770,828906,6,4,0
12770,911046,2,0,4
12770,933375,7,4,0x80220200,,0,0x1202f,3,2
12770,960328,6,4,0
12770,1057171,2,0,4
12770,1079468,6,4,0
12770,1140031,2,0,4
12770,1162312,7,4,0x80220200,,0,0x1202f,3,2
12770,1189281,6,4,0
12770,1310546,2,0,4
12770,1332843,6,4,0
12770,1410656,2,0,4
12770,1433000,7,4,0x80220200,,0,0x1202f,3,2
12770,1459968,6,4,0
12770,1556859,2,0,4
12770,1579156,6,4,0
12770,1639718,2,0,4
12770,1662000,7,4,0x80220200,,0,0x1202f,3,2
12770,1688953,6,4,0
12770,1815265,2,0,4
12770,1837531,6,4,0
12770,1915343,2,0,4
12770,1937625,7,4,0x80220200,,0,0x1202f,3,2
12770,1964593,6,4,0
12770,2074484,2,0,4
12770,2096781,6,4,0
12770,2157359,2,0,4
12770,2179687,7,4,0x80220200,,0,0x1202f,3,2
12770,2206640,6,4,0
12770,2315703,2,0,4
12770,2337968,6,4,0
12770,2422984,2,0,4
12770,2445312,7,4,0x80220200,,0,0x1202f,3,2
12770,2472265,6,4,0
12770,2569109,2,0,4
12770,2591406,6,4,0
12770,2651984,2,0,4
12770,2674312,7,4,0x80220200,,0,0x1202f,3,2
12770,2701281,6,4,0
12770,2822609,2,0,4
12770,2844906,6,4,0
12770,2922718,2,0,4
12770,2945062,7,4,0x80220200,,0,0x1202f,3,2
12770,2972031,6,4,0
12770,3068859,2,0,4
12770,3091156,6,4,0
12770,3151718,2,0,4
12770,3174000,7,4,0x80220200,,0,0x1202f,3,2
12770,3200953,6,4,0
12770,3326046,2,0,4
12770,3345843,6,4,0
12770,3367593,2,0,4
12770,3387468,6,4,0
12770,3401187,2,0,4
12770,3421625,7,4,0x80220200,,0,0x1202f,3,2
12770,3448578,6,4,0
12770,3544671,2,0,4
12770,3564468,6,4,0
12770,3586218,2,0,4
12770,3606156,6,4,0
12770,3619843,2,0,4
12770,3640250,7,4,0x80220200,,0,0x1202f,3,2
12770,3667218,6,4,0
12770,3764109,2,0,4
12770,3783906,6,4,0
12770,3805671,2,0,4
12770,3825593,6,4,0
12770,3839296,2,0,4
12770,3859750,7,4,0x80220200,,0,0x1202f,3,2
12770,3886718,6,4,0
12770,3982796,2,0,4
12770,4002593,6,4,0
12770,4024343,2,0,4
12770,4044218,6,4,0
12770,4057937,2,0,4
12770,4078375,7,4,0x80220200,,0,0x1202f,3,2
12770,4105328,6,4,0
12770,4230765,2,0,4
12770,4253031,6,4,0
12770,4335859,2,0,4
12770,4358187,7,4,0x80220200,,0,0x1202f,3,2
12770,4385140,6,4,0
12770,4481984,2,0,4
12770,4504281,6,4,0
12770,4564859,2,0,4
12770,4587187,7,4,0x80220200,,0,0x1202f,3,2
12770,4614156,6,4,0
12770,4735421,2,0,4
12770,4757718,6,4,0
12770,4840578,2,0,4
12770,4862875,7,4,0x80220200,,0,0x1202f,3,2
12770,4889828,6,4,0
12770,4986734,2,0,4
12770,5009031,6,4,0
12770,5069593,2,0,4
12770,5091875,7,4,0x80220200,,0,0x1202f,3,2
12770,5118843,6,4,0
12770,5237953,2,0,4
12770,5260218,6,4,0
12770,5342390,2,0,4
12770,5364687,7,4,0x80220200,,0,0x1202f,3,2
12770,5391656,6,4,0
12770,5501546,2,0,4
12770,5523843,6,4,0
12770,5584406,2,0,4
12770,5606687,7,4,0x80220200,,0,0x1202f,3,2
12770,5633656,6,4,0
12770,5742703,2,0,4
12770,5764968,6,4,0
12770,5847828,2,0,4
12770,5870125,7,4,0x80220200,,0,0x1202f,3,2
12770,5897093,6,4,0
12770,5993921,2,0,4
12770,6016218,6,4,0
12770,6076796,2,0,4
12770,6099125,7,4,0x80220200,,0,0x1202f,3,2
12770,6126078,6,4,0
12770,6245265,2,0,4
12770,6267531,6,4,0
12770,6347515,2,0,4
12770,6369812,7,4,0x80220200,,0,0x1202f,3,2
12770,6396765,6,4,0
12770,6493609,2,0,4
12770,6515906,6,4,0
12770,6576468,2,0,4
12770,6598750,7,4,0x80220200,,0,0x1202f,3,2
12770,6625718,6,4,0
12770,6748640,2,0,4
12770,6768406,6,4,0
12770,6790156,2,0,4
12770,6810093,6,4,0
12770,6823812,2,0,4
12770,6844250,7,4,0x80220200,,0,0x1202f,3,2
12770,6871203,6,4,0
12770,6967296,2,0,4
12770,6987093,6,4,0
12770,7008859,2,0,4
12770,7028781,6,4,0
12770,7042484,2,0,4
12770,7062937,7,4,0x80220200,,0,0x1202f,3,2
12770,7089906,6,4,0
12770,7186796,2,0,4
12770,7206593,6,4,0
12770,7228359,2,0,4
12770,7248281,6,4,0
12770,7262000,2,0,4
12770,7282437,7,4,0x80220200,,0,0x1202f,3,2
12770,7309390,6,4,0
12770,7405484,2,0,4
12770,7425281,6,4,0
12770,7447031,2,0,4
12770,7466968,6,4,0
12770,7480687,2,0,4
12770,7501125,7,4,0x80220200,,0,0x1202f,3,2
12770,7528078,6,4,0
12770,7656328,2,0,4
12770,7678593,6,4,0
12770,7760765,2,0,4
12770,7783062,7,4,0x80220200,,0,0x1202f,3,2
12770,7810031,6,4,0
12770,7906859,2,0,4
12770,7929156,6,4,0
12770,7989734,2,0,4
12770,8012062,7,4,0x80220200,,0,0x1202f,3,2
12770,8039015,6,4,0
12770,8160296,2,0,4
12770,8182593,6,4,0
12770,8262578,2,0,4
12770,8284875,7,4,0x80220200,,0,0x1202f,3,2
12770,8311828,6,4,0
12770,8408734,2,0,4
12770,8431031,6,4,0
12770,8491609,2,0,4
12770,8513937,7,4,0x80220200,,0,0x1202f,3,2
12770,8540906,6,4,0
12770,8660015,2,0,4
12770,8682281,6,4,0
12770,8764453,2,0,4
12770,8786812,7,4,0x80220200,,0,0x1202f,3,2
12770,8813781,6,4,0
12770,8923671,2,0,4
12770,8945968,6,4,0
12770,9006546,2,0,4
12770,9028875,7,4,0x80220200,,0,0x1202f,3,2
12770,9055859,6,4,0
12770,9167765,2,0,4
12770,9190093,6,4,0
12770,9270078,2,0,4
12770,9292375,7,4,0x80220200,,0,0x1202f,3,2
12770,9319359,6,4,0
12770,9416171,2,0,4
12770,9438468,6,4,0
12770,9499031,2,0,4
12770,9521375,7,4,0x80220200,,0,0x1202f,3,2
12770,9548343,6,4,0
12770,9669671,2,0,4
12770,9691968,6,4,0
12770,9771968,2,0,4
12770,9794312,7,4,0x80220200,,0,0x1202f,3,2
12770,9821281,6,4,0
12770,9918109,2,0,4
12770,9940406,6,4,0
12770,10001000,2,0,4
12780,29000,7,4,0x80220200,,0,0x1202f,3,2
12780,55906,6,4,0
12780,173796,2,0,4
12780,193593,6,4,0
12780,215343,2,0,4
12780,235218,6,4,0
12780,248921,2,0,4
12780,269375,7,4,0x80220200,,0,0x1202f,3,2
12780,296312,6,4,0
12780,392359,2,0,4
12780,412156,6,4,0
12780,433890,2,0,4
12780,453781,6,4,0
12780,467484,2,0,4
12780,487875,7,4,0x80220200,,0,0x1202f,3,2
12780,514812,6,4,0
12780,611671,2,0,4
12780,631468,6,4,0
12780,653234,2,0,4
12780,673156,6,4,0
12780,686859,2,0,4
12780,707312,7,4,0x80220200,,0,0x1202f,3,2
12780,734281,6,4,0
12780,830359,2,0,4
12780,850156,6,4,0
12780,871921,2,0,4
12780,891843,6,4,0
12780,905562,2,0,4
12780,926000,7,4,0x80220200,,0,0x1202f,3,2
12780,952953,6,4,0
12780,1078390,2,0,4
12780,1100656,6,4,0
12780,1183484,2,0,4
12780,1205812,7,4,0x80220200,,0,0x1202f,3,2
12780,1232765,6,4,0
12780,1329609,2,0,4
12780,1351906,6,4,0
12780,1412484,2,0,4
12780,1434812,7,4,0x80220200,,0,0x1202f,3,2
12780,1461781,6,4,0
12780,1580890,2,0,4
12780,1603156,6,4,0
12780,1688156,2,0,4
12780,1710500,7,4,0x80220200,,0,0x1202f,3,2
12780,1737453,6,4,0
12780,1834359,2,0,4
12780,1856656,6,4,0
12780,1917218,2,0,4
12780,1939500,7,4,0x80220200,,0,0x1202f,3,2
12780,1966468,6,4,0
12780,2085578,2,0,4
12780,2107843,6,4,0
12780,2187812,2,0,4
12780,2210125,7,4,0x80220200,,0,0x1202f,3,2
12780,2237093,6,4,0
12780,2346984,2,0,4
12780,2369281,6,4,0
12780,2429843,2,0,4
12780,2452125,7,4,0x80220200,,0,0x1202f,3,2
12780,2479078,6,4,0
12780,2591015,2,0,4
12780,2613281,6,4,0
12780,2690390,2,0,4
12780,2712687,7,4,0x80220200,,0,0x1202f,3,2
12780,2739640,6,4,0
12780,2836484,2,0,4
12780,2858781,6,4,0
12780,2919359,2,0,4
12780,2941687,7,4,0x80220200,,0,0x1202f,3,2
12780,2968656,6,4,0
12780,3092859,2,0,4
12780,3115156,6,4,0
12780,3195140,2,0,4
12780,3217437,7,4,0x80220200,,0,0x1202f,3,2
12780,3244390,6,4,0
12780,3341234,2,0,4
12780,3363531,6,4,0
12780,3424093,2,0,4
12780,3446375,7,4,0x80220200,,0,0x1202f,3,2
12780,3473343,6,4,0
12780,3593453,2,0,4
12780,3613218,6,4,0
12780,3634937,2,0,4
12780,3654843,6,4,0
12780,3668562,2,0,4
12780,3689000,7,4,0x80220200,,0,0x1202f,3,2
12780,3715953,6,4,0
12780,3812046,2,0,4
12780,3831843,6,4,0
12780,3853593,2,0,4
12780,3873531,6,4,0
12780,3887234,2,0,4
12780,3907687,7,4,0x80220200,,0,0x1202f,3,2
12780,3934656,6,4,0
12780,4031546,2,0,4
12780,4051343,6,4,0
12780,4073109,2,0,4
12780,4093031,6,4,0
12780,4106734,2,0,4
12780,4127187,7,4,0x80220200,,0,0x1202f,3,2
12780,4154156,6,4,0
12780,4250234,2,0,4
12780,4270031,6,4,0
12780,4291781,2,0,4
12780,4311656,6,4,0
12780,4325375,2,0,4
12780,4345812,7,4,0x80220200,,0,0x1202f,3,2
12780,4372765,6,4,0
12780,4501015,2,0,4
12780,4523281,6,4,0
12780,4608265,2,0,4
12780,4630562,7,4,0x80220200,,0,0x1202f,3,2
12780,4657531,6,4,0
12780,4754359,2,0,4
12780,4776656,6,4,0
12780,4837234,2,0,4
12780,4859562,7,4,0x80220200,,0,0x1202f,3,2
12780,4886515,6,4,0
12780,5007796,2,0,4
12780,5030093,6,4,0
12780,5107921,2,0,4
12780,5130250,7,4,0x80220200,,0,0x1202f,3,2
12780,5157203,6,4,0
12780,5254109,2,0,4
12780,5276406,6,4,0
12780,5336968,2,0,4
12780,5359250,7,4,0x80220200,,0,0x1202f,3,2
12780,5386218,6,4,0
12780,5510359,2,0,4
12780,5532656,6,4,0
12780,5612625,2,0,4
12780,5634937,7,4,0x80220200,,0,0x1202f,3,2
12780,5661906,6,4,0
12780,5771796,2,0,4
12780,5794093,6,4,0
12780,5854656,2,0,4
12780,5876937,7,4,0x80220200,,0,0x1202f,3,2
12780,5903906,6,4,0
12780,6012953,2,0,4
12780,6035218,6,4,0
12780,6118062,2,0,4
12780,6140375,7,4,0x80220200,,0,0x1202f,3,2
12780,6167343,6,4,0
12780,6264171,2,0,4
12780,6286468,6,4,0
12780,6347046,2,0,4
12780,6369375,7,4,0x80220200,,0,0x1202f,3,2
12780,6396328,6,4,0
12780,6515515,2,0,4
12780,6537781,6,4,0
12780,6617765,2,0,4
12780,6640062,7,4,0x80220200,,0,0x1202f,3,2
12780,6667015,6,4,0
12780,6763859,2,0,4
12780,6786156,6,4,0
12780,6846734,2,0,4
12780,6869062,7,4,0x80220200,,0,0x1202f,3,2
12780,6896031,6,4,0
12780,7021109,2,0,4
12780,7040906,6,4,0
12780,7062656,2,0,4
12780,7082593,6,4,0
12780,7096296,2,0,4
12780,7116750,7,4,0x80220200,,0,0x1202f,3,2
12780,7143718,6,4,0
12780,7239796,2,0,4
12780,7259593,6,4,0
12780,7281359,2,0,4
12780,7301281,6,4,0
12780,7314984,2,0,4
12780,7335437,7,4,0x80220200,,0,0x1202f,3,2
12780,7362406,6,4,0
12780,7459296,2,0,4
12780,7479093,6,4,0
12780,7500843,2,0,4
12780,7520718,6,4,0
12780,7534437,2,0,4
12780,7554875,7,4,0x80220200,,0,0x1202f,3,2
12780,7581828,6,4,0
12780,7677921,2,0,4
12780,7697718,6,4,0
12780,7719468,2,0,4
12780,7739406,6,4,0
12780,7753109,2,0,4
12780,7773562,7,4,0x80220200,,0,0x1202f,3,2
12780,7800531,6,4,0
12780,7928765,2,0,4
12780,7951031,6,4,0
12780,8028843,2,0,4
12780,8051125,7,4,0x80220200,,0,0x1202f,3,2
12780,8078093,6,4,0
12780,8174921,2,0,4
12780,8197218,6,4,0
12780,8257781,2,0,4
12780,8280062,7,4,0x80220200,,0,0x1202f,3,2
12780,8307015,6,4,0
12780,8431171,2,0,4
12780,8453468,6,4,0
12780,8535609,2,0,4
12780,8557937,7,4,0x80220200,,0,0x1202f,3,2
12780,8584906,6,4,0
12780,8681796,2,0,4
12780,8704093,6,4,0
12780,8764687,2,0,4
12780,8787000,7,4,0x80220200,,0,0x1202f,3,2
12780,8813968,6,4,0
12780,8935234,2,0,4
12780,8957531,6,4,0
12780,9035375,2,0,4
12780,9057687,7,4,0x80220200,,0,0x1202f,3,2
12780,9084656,6,4,0
12780,9194546,2,0,4
12780,9216843,6,4,0
12780,9277437,2,0,4
12780,9299750,7,4,0x80220200,,0,0x1202f,3,2
12780,9326734,6,4,0
12780,9438640,2,0,4
12780,9460906,6,4,0
12780,9538015,2,0,4
12780,9560375,7,4,0x80220200,,0,0x1202f,3,2
12780,9587359,6,4,0
12780,9684171,2,0,4
12780,9706468,6,4,0
12780,9767046,2,0,4
12780,9789375,7,4,0x80220200,,0,0x1202f,3,2
12780,9816343,6,4,0
12780,9942703,2,0,4
12780,9965031,6,4,0
12790,42390,2,0,4
12790,64687,7,4,0x80220200,,0,0x1202f,3,2
12790,91640,6,4,0
12790,188421,2,0,4
12790,210718,6,4,0
12790,271265,2,0,4
12790,293562,7,4,0x80220200,,0,0x1202f,3,2
12790,320500,6,4,0
12790,443390,2,0,4
12790,463156,6,4,0
12790,484890,2,0,4
12790,504781,6,4,0
12790,518484,2,0,4
12790,538937,7,4,0x80220200,,0,0x1202f,3,2
12790,565890,6,4,0
12790,661984,2,0,4
12790,681781,6,4,0
12790,703531,2,0,4
12790,723468,6,4,0
12790,737171,2,0,4
12790,757625,7,4,0x80220200,,0,0x1202f,3,2
12790,784593,6,4,0
12790,881484,2,0,4
12790,901281,6,4,0
12790,923046,2,0,4
12790,942968,6,4,0
12790,956671,2,0,4
12790,977125,7,4,0x80220200,,0,0x1202f,3,2
12790,1004093,6,4,0
12790,1100171,2,0,4
12790,1119968,6,4,0
12790,1141718,2,0,4
12790,1161593,6,4,0
12790,1175312,2,0,4
12790,1195750,7,4,0x80220200,,0,0x1202f,3,2
12790,1222703,6,4,0
12790,1350953,2,0,4
12790,1373218,6,4,0
12790,1455390,2,0,4
12790,1477687,7,4,0x80220200,,0,0x1202f,3,2
12790,1504656,6,4,0
12790,1601484,2,0,4
12790,1623781,6,4,0
12790,1684359,2,0,4
12790,1706687,7,4,0x80220200,,0,0x1202f,3,2
12790,1733640,6,4,0
12790,1854921,2,0,4
12790,1877218,6,4,0
12790,1957203,2,0,4
12790,1979500,7,4,0x80220200,,0,0x1202f,3,2
12790,2006453,6,4,0
12790,2103359,2,0,4
12790,2125656,6,4,0
12790,2186218,2,0,4
12790,2208500,7,4,0x80220200,,0,0x1202f,3,2
12790,2235468,6,4,0
12790,2356734,2,0,4
12790,2379031,6,4,0
12790,2464031,2,0,4
12790,2486375,7,4,0x80220200,,0,0x1202f,3,2
12790,2513343,6,4,0
12790,2623234,2,0,4
12790,2645468,6,4,0
12790,2706078,2,0,4
12790,2728375,7,4,0x80220200,,0,0x1202f,3,2
12790,2755343,6,4,0
12790,2859390,2,0,4
12790,2881656,6,4,0
12790,2964515,2,0,4
12790,2986812,7,4,0x80220200,,0,0x1202f,3,2
12790,3013781,6,4,0
12790,3110609,2,0,4
12790,3132906,6,4,0
12790,3193484,2,0,4
12790,3215812,7,4,0x80220200,,0,0x1202f,3,2
12790,3242765,6,4,0
12790,3366984,2,0,4
12790,3389281,6,4,0
12790,3466390,2,0,4
12790,3488687,7,4,0x80220200,,0,0x1202f,3,2
12790,3515640,6,4,0
12790,3612484,2,0,4
12790,3634781,6,4,0
12790,3695343,2,0,4
12790,3717625,7,4,0x80220200,,0,0x1202f,3,2
12790,3744593,6,4,0
12790,3867515,2,0,4
12790,3887281,6,4,0
12790,3909031,2,0,4
12790,3928968,6,4,0
12790,3942687,2,0,4
12790,3963125,7,4,0x80220200,,0,0x1202f,3,2
12790,3990078,6,4,0
12790,4086171,2,0,4
12790,4105968,6,4,0
12790,4127734,2,0,4
12790,4147656,6,4,0
12790,4161359,2,0,4
12790,4181812,7,4,0x80220200,,0,0x1202f,3,2
12790,4208781,6,4,0
12790,4305671,2,0,4
12790,4325468,6,4,0
12790,4347187,2,0,4
12790,4367093,6,4,0
12790,4380812,2,0,4
12790,4401250,7,4,0x80220200,,0,0x1202f,3,2
12790,4428203,6,4,0
12790,4524296,2,0,4
12790,4544093,6,4,0
12790,4565843,2,0,4
12790,4585781,6,4,0
12790,4599500,2,0,4
12790,4619937,7,4,0x80220200,,0,0x1202f,3,2
12790,4646890,6,4,0
12790,4775140,2,0,4
12790,4797406,6,4,0
12790,4877375,2,0,4
12790,4899687,7,4,0x80220200,,0,0x1202f,3,2
12790,4926656,6,4,0
12790,5023484,2,0,4
12790,5045781,6,4,0
12790,5106359,2,0,4
12790,5128687,7,4,0x80220200,,0,0x1202f,3,2
12790,5155640,6,4,0
12790,5279796,2,0,4
12790,5302093,6,4,0
12790,5379203,2,0,4
12790,5401500,7,4,0x80220200,,0,0x1202f,3,2
12790,5428453,6,4,0
12790,5525359,2,0,4
12790,5547656,6,4,0
12790,5608234,2,0,4
12790,5630562,7,4,0x80220200,,0,0x1202f,3,2
12790,5657531,6,4,0
12790,5778796,2,0,4
12790,5801093,6,4,0
12790,5886109,2,0,4
12790,5908437,7,4,0x80220200,,0,0x1202f,3,2
12790,5935390,6,4,0
12790,6045296,2,0,4
12790,6067593,6,4,0
12790,6128171,2,0,4
12790,6150500,7,4,0x80220200,,0,0x1202f,3,2
12790,6177468,6,4,0
12790,6284359,2,0,4
12790,6306656,6,4,0
12790,6386625,2,0,4
12790,6408937,7,4,0x80220200,,0,0x1202f,3,2
12790,6435906,6,4,0
12790,6532734,2,0,4
12790,6555031,6,4,0
12790,6615578,2,0,4
12790,6637875,7,4,0x80220200,,0,0x1202f,3,2
12790,6664828,6,4,0
12790,6791203,2,0,4
12790,6813468,6,4,0
12790,6891296,2,0,4
12790,6913625,7,4,0x80220200,,0,0x1202f,3,2
12790,6940578,6,4,0
12790,7037421,2,0,4
12790,7059718,6,4,0
12790,7120296,2,0,4
12790,7142625,7,4,0x80220200,,0,0x1202f,3,2
12790,7169593,6,4,0
12790,7289703,2,0,4
12790,7309468,6,4,0
12790,7331203,2,0,4
12790,7351093,6,4,0
12790,7364796,2,0,4
12790,7385250,7,4,0x80220200,,0,0x1202f,3,2
12790,7412218,6,4,0
12790,7508296,2,0,4
12790,7528093,6,4,0
12790,7549859,2,0,4
12790,7569781,6,4,0
12790,7583484,2,0,4
12790,7603937,7,4,0x80220200,,0,0x1202f,3,2
12790,7630875,6,4,0
12790,7727734,2,0,4
12790,7747531,6,4,0
12790,7769281,2,0,4
12790,7789218,6,4,0
12790,7802937,2,0,4
12790,7823375,7,4,0x80220200,,0,0x1202f,3,2
12790,7850328,6,4,0
12790,7946421,2,0,4
12790,7966218,6,4,0
12790,7987984,2,0,4
12790,8007906,6,4,0
12790,8021609,2,0,4
12790,8042062,7,4,0x80220200,,0,0x1202f,3,2
12790,8069031,6,4,0
12790,8199421,2,0,4
12790,8221718,6,4,0
12790,8301703,2,0,4
12790,8324000,7,4,0x80220200,,0,0x1202f,3,2
12790,8350937,6,4,0
12790,8447734,2,0,4
12790,8470031,6,4,0
12790,8530593,2,0,4
12790,8552875,7,4,0x80220200,,0,0x1202f,3,2
12790,8579828,6,4,0
12790,8703984,2,0,4
12790,8726281,6,4,0
12790,8803390,2,0,4
12790,8825687,7,4,0x80220200,,0,0x1202f,3,2
12790,8852671,6,4,0
12790,8949546,2,0,4
12790,8971843,6,4,0
12790,9032437,2,0,4
12790,9054750,7,4,0x80220200,,0,0x1202f,3,2
12790,9081718,6,4,0
12790,9202984,2,0,4
12790,9225281,6,4,0
12790,9310312,2,0,4
12790,9332625,7,4,0x80220200,,0,0x1202f,3,2
12790,9359593,6,4,0
12790,9469484,2,0,4
12790,9491781,6,4,0
12790,9552375,2,0,4
12790,9574687,7,4,0x80220200,,0,0x1202f,3,2
12790,9601656,6,4,0
12790,9708546,2,0,4
12790,9730843,6,4,0
12790,9810828,2,0,4
12790,9833187,7,4,0x80220200,,0,0x1202f,3,2
12790,9860156,6,4,0
12790,9956984,2,0,4
12790,9979281,6,4,0
12800,40109,2,0,4
12800,62437,7,4,0x80220200,,0,0x1202f,3,2
12800,89390,6,4,0
12800,213546,2,0,4
12800,235781,6,4,0
12800,315750,2,0,4
12800,338062,7,4,0x80220200,,0,0x1202f,3,2
12800,365000,6,4,0
12800,461796,2,0,4
12800,484031,6,4,0
12800,544640,2,0,4
12800,566937,7,4,0x80220200,,0,0x1202f,3,2
12800,593906,6,4,0
12800,713953,2,0,4
12800,733718,6,4,0
12800,755437,2,0,4
12800,775343,6,4,0
12800,789062,2,0,4
12800,809500,7,4,0x80220200,,0,0x1202f,3,2
12800,836453,6,4,0
12800,932546,2,0,4
12800,952343,6,4,0
12800,974109,2,0,4
12800,994031,6,4,0
12800,1007734,2,0,4
12800,1028187,7,4,0x80220200,,0,0x1202f,3,2
12800,1055156,6,4,0
12800,1152046,2,0,4
12800,1171843,6,4,0
12800,1193609,2,0,4
12800,1213531,6,4,0
12800,1227250,2,0,4
12800,1247687,7,4,0x80220200,,0,0x1202f,3,2
12800,1274640,6,4,0
12800,1370734,2,0,4
12800,1390531,6,4,0
12800,1412281,2,0,4
12800,1432218,6,4,0
12800,1445937,2,0,4
12800,1466375,7,4,0x80220200,,0,0x1202f,3,2
12800,1493328,6,4,0
12800,1623734,2,0,4
12800,1646031,6,4,0
12800,1726015,2,0,4
12800,1748312,7,4,0x80220200,,0,0x1202f,3,2
12800,1775281,6,4,0
12800,1872109,2,0,4
12800,1894406,6,4,0
12800,1954984,2,0,4
12800,1977312,7,4,0x80220200,,0,0x1202f,3,2
12800,2004265,6,4,0
12800,2128421,2,0,4
12800,2150718,6,4,0
12800,2227828,2,0,4
12800,2250125,7,4,0x80220200,,0,0x1202f,3,2
12800,2277078,6,4,0
12800,2373984,2,0,4
12800,2396281,6,4,0
12800,2456859,2,0,4
12800,2479187,7,4,0x80220200,,0,0x1202f,3,2
12800,2506156,6,4,0
12800,2627421,2,0,4
12800,2649718,6,4,0
12800,2734718,2,0,4
12800,2757062,7,4,0x80220200,,0,0x1202f,3,2
12800,2784015,6,4,0
12800,2893921,2,0,4
12800,2916218,6,4,0
12800,2976781,2,0,4
12800,2999062,7,4,0x80220200,,0,0x1202f,3,2
12800,3026031,6,4,0
12800,3132921,2,0,4
12800,3155218,6,4,0
12800,3235187,2,0,4
12800,3257500,7,4,0x80220200,,0,0x1202f,3,2
12800,3284468,6,4,0
12800,3381296,2,0,4
12800,3403593,6,4,0
12800,3464171,2,0,4
12800,3486500,7,4,0x80220200,,0,0x1202f,3,2
12800,3513453,6,4,0
12800,3639828,2,0,4
12800,3662093,6,4,0
12800,3739921,2,0,4
12800,3762250,7,4,0x80220200,,0,0x1202f,3,2
12800,3789203,6,4,0
12800,3886046,2,0,4
12800,3908343,6,4,0
12800,3968921,2,0,4
12800,3991250,7,4,0x80220200,,0,0x1202f,3,2
12800,4018218,6,4,0
12800,4138328,2,0,4
12800,4158093,6,4,0
12800,4179812,2,0,4
12800,4199718,6,4,0
12800,4213421,2,0,4
12800,4233875,7,4,0x80220200,,0,0x1202f,3,2
12800,4260843,6,4,0
12800,4356921,2,0,4
12800,4376718,6,4,0
12800,4398484,2,0,4
12800,4418406,6,4,0
12800,4432109,2,0,4
12800,4452562,7,4,0x80220200,,0,0x1202f,3,2
12800,4479531,6,4,0
12800,4576421,2,0,4
12800,4596218,6,4,0
12800,4617968,2,0,4
12800,4637843,6,4,0
12800,4651562,2,0,4
12800,4672000,7,4,0x80220200,,0,0x1202f,3,2
12800,4698953,6,4,0
12800,4795046,2,0,4
12800,4814843,6,4,0
12800,4836593,2,0,4
12800,4856531,6,4,0
12800,4870234,2,0,4
12800,4890687,7,4,0x80220200,,0,0x1202f,3,2
12800,4917656,6,4,0
12800,5048046,2,0,4
12800,5070281,6,4,0
12800,5150328,2,0,4
12800,5172625,7,4,0x80220200,,0,0x1202f,3,2
12800,5199593,6,4,0
12800,5296359,2,0,4
12800,5318656,6,4,0
12800,5379218,2,0,4
12800,5401500,7,4,0x80220200,,0,0x1202f,3,2
12800,5428453,6,4,0
12800,5552609,2,0,4
12800,5574906,6,4,0
12800,5652015,2,0,4
12800,5674312,7,4,0x80220200,,0,0x1202f,3,2
12800,5701281,6,4,0
12800,5798171,2,0,4
12800,5820468,6,4,0
12800,5881046,2,0,4
12800,5903375,7,4,0x80220200,,0,0x1202f,3,2
12800,5930328,6,4,0
12800,6054484,2,0,4
12800,6076781,6,4,0
12800,6158921,2,0,4
12800,6181250,7,4,0x80220200,,0,0x1202f,3,2
12800,6208203,6,4,0
12800,6318109,2,0,4
12800,6340406,6,4,0
12800,6400984,2,0,4
12800,6423312,7,4,0x80220200,,0,0x1202f,3,2
12800,6450250,6,4,0
12800,6557109,2,0,4
12800,6579406,6,4,0
12800,6659375,2,0,4
12800,6681687,7,4,0x80220200,,0,0x1202f,3,2
12800,6708656,6,4,0
12800,6805484,2,0,4
12800,6827781,6,4,0
12800,6888343,2,0,4
12800,6910625,7,4,0x80220200,,0,0x1202f,3,2
12800,6937578,6,4,0
12800,7063953,2,0,4
12800,7086218,6,4,0
12800,7164031,2,0,4
12800,7186312,7,4,0x80220200,,0,0x1202f,3,2
12800,7213281,6,4,0
12800,7310109,2,0,4
12800,7332406,6,4,0
12800,7392984,2,0,4
12800,7415312,7,4,0x80220200,,0,0x1202f,3,2
12800,7442265,6,4,0
12800,7562390,2,0,4
12800,7582156,6,4,0
12800,7603890,2,0,4
12800,7623781,6,4,0
12800,7637484,2,0,4
12800,7657937,7,4,0x80220200,,0,0x1202f,3,2
12800,7684906,6,4,0
12800,7780984,2,0,4
12800,7800781,6,4,0
12800,7822515,2,0,4
12800,7842406,6,4,0
12800,7856125,2,0,4
12800,7876562,7,4,0x80220200,,0,0x1202f,3,2
12800,7903515,6,4,0
12800,8000421,2,0,4
12800,8020218,6,4,0
12800,8041968,2,0,4
12800,8061906,6,4,0
12800,8075593,2,0,4
12800,8096000,7,4,0x80220200,,0,0x1202f,3,2
12800,8122968,6,4,0
12800,8219046,2,0,4
12800,8238843,6,4,0
12800,8260609,2,0,4
12800,8280531,6,4,0
12800,8294234,2,0,4
12800,8314687,7,4,0x80220200,,0,0x1202f,3,2
12800,8341656,6,4,0
12800,8472046,2,0,4
12800,8494343,6,4,0
12800,8574328,2,0,4
12800,8596625,7,4,0x80220200,,0,0x1202f,3,2
12800,8623593,6,4,0
12800,8720421,2,0,4
12800,8742718,6,4,0
12800,8803296,2,0,4
12800,8825625,7,4,0x80220200,,0,0x1202f,3,2
12800,8852609,6,4,0
12800,8976734,2,0,4
12800,8999031,6,4,0
12800,9079015,2,0,4
12800,9101375,7,4,0x80220200,,0,0x1202f,3,2
12800,9128359,6,4,0
12800,9225234,2,0,4
12800,9247531,6,4,0
12800,9308109,2,0,4
12800,9330437,7,4,0x80220200,,0,0x1202f,3,2
12800,9357406,6,4,0
12800,9481546,2,0,4
12800,9503843,6,4,0
12800,9580953,2,0,4
12800,9603250,7,4,0x80220200,,0,0x1202f,3,2
12800,9630234,6,4,0
12800,9740171,2,0,4
12800,9762468,6,4,0
12800,9823062,2,0,4
12800,9845375,7,4,0x80220200,,0,0x1202f,3,2
12800,9872343,6,4,0
12800,9984265,2,0,4
12810,12593,6,4,0
12810,88921,2,0,4
12810,111187,7,4,0x80220200,,0,0x1202f,3,2
12810,138140,6,4,0
12810,234921,2,0,4
12810,257218,6,4,0
12810,317781,2,0,4
12810,340062,7,4,0x80220200,,0,0x1202f,3,2
12810,367000,6,4,0
12810,488296,2,0,4
12810,510531,6,4,0
12810,588343,2,0,4
12810,610687,7,4,0x80220200,,0,0x1202f,3,2
12810,637640,6,4,0
12810,734484,2,0,4
12810,756781,6,4,0
12810,817359,2,0,4
12810,839687,7,4,0x80220200,,0,0x1202f,3,2
12810,866656,6,4,0
12810,991734,2,0,4
12810,1011531,6,4,0
12810,1033281,2,0,4
12810,1053218,6,4,0
12810,1066921,2,0,4
12810,1087375,7,4,0x80220200,,0,0x1202f,3,2
12810,1114343,6,4,0
12810,1210421,2,0,4
12810,1230218,6,4,0
12810,1251984,2,0,4
12810,1271906,6,4,0
12810,1285609,2,0,4
12810,1306062,7,4,0x80220200,,0,0x1202f,3,2
12810,1333031,6,4,0
12810,1429921,2,0,4
12810,1449718,6,4,0
12810,1471468,2,0,4
12810,1491343,6,4,0
12810,1505062,2,0,4
12810,1525500,7,4,0x80220200,,0,0x1202f,3,2
12810,1552453,6,4,0
12810,1648546,2,0,4
12810,1668343,6,4,0
12810,1690093,2,0,4
12810,1710031,6,4,0
12810,1723734,2,0,4
12810,1744187,7,4,0x80220200,,0,0x1202f,3,2
12810,1771156,6,4,0
12810,1896578,2,0,4
12810,1918843,6,4,0
12810,2001656,2,0,4
12810,2024000,7,4,0x80220200,,0,0x1202f,3,2
12810,2050968,6,4,0
12810,2147796,2,0,4
12810,2170093,6,4,0
12810,2230656,2,0,4
12810,2252937,7,4,0x80220200,,0,0x1202f,3,2
12810,2279890,6,4,0
12810,2401171,2,0,4
12810,2423468,6,4,0
12810,2503453,2,0,4
12810,2525750,7,4,0x80220200,,0,0x1202f,3,2
12810,2552718,6,4,0
12810,2649609,2,0,4
12810,2671906,6,4,0
12810,2732484,2,0,4
12810,2754812,7,4,0x80220200,,0,0x1202f,3,2
12810,2781765,6,4,0
12810,2905921,2,0,4
12810,2928218,6,4,0
12810,3008203,2,0,4
12810,3030500,7,4,0x80220200,,0,0x1202f,3,2
12810,3057453,6,4,0
12810,3167359,2,0,4
12810,3189656,6,4,0
12810,3250234,2,0,4
12810,3272562,7,4,0x80220200,,0,0x1202f,3,2
12810,3299531,6,4,0
12810,3408578,2,0,4
12810,3430843,6,4,0
12810,3513687,2,0,4
12810,3536000,7,4,0x80220200,,0,0x1202f,3,2
12810,3562968,6,4,0
12810,3659796,2,0,4
12810,3682093,6,4,0
12810,3742656,2,0,4
12810,3764937,7,4,0x80220200,,0,0x1202f,3,2
12810,3791890,6,4,0
12810,3913234,2,0,4
12810,3935531,6,4,0
12810,4013343,2,0,4
12810,4035625,7,4,0x80220200,,0,0x1202f,3,2
12810,4062593,6,4,0
12810,4159421,2,0,4
12810,4181718,6,4,0
12810,4242296,2,0,4
12810,4264625,7,4,0x80220200,,0,0x1202f,3,2
12810,4291578,6,4,0
12810,4416671,2,0,4
12810,4436468,6,4,0
12810,4458234,2,0,4
12810,4478093,6,4,0
12810,4491796,2,0,4
12810,4512250,7,4,0x80220200,,0,0x1202f,3,2
12810,4539218,6,4,0
12810,4635296,2,0,4
12810,4655093,6,4,0
12810,4676828,2,0,4
12810,4696718,6,4,0
12810,4710437,2,0,4
12810,4730875,7,4,0x80220200,,0,0x1202f,3,2
12810,4757828,6,4,0
12810,4854734,2,0,4
12810,4874531,6,4,0
12810,4896281,2,0,4
12810,4916218,6,4,0
12810,4929906,2,0,4
12810,4950312,7,4,0x80220200,,0,0x1202f,3,2
12810,4977281,6,4,0
12810,5073359,2,0,4
12810,5093156,6,4,0
12810,5114921,2,0,4
12810,5134843,6,4,0
12810,5148546,2,0,4
12810,5169000,7,4,0x80220200,,0,0x1202f,3,2
12810,5195968,6,4,0
12810,5321390,2,0,4
12810,5343656,6,4,0
12810,5426484,2,0,4
12810,5448812,7,4,0x80220200,,0,0x1202f,3,2
12810,5475765,6,4,0
12810,5572609,2,0,4
12810,5594843,6,4,0
12810,5655453,2,0,4
12810,5677750,7,4,0x80220200,,0,0x1202f,3,2
12810,5704718,6,4,0
12810,5823828,2,0,4
12810,5846093,6,4,0
12810,5931093,2,0,4
12810,5953375,7,4,0x80220200,,0,0x1202f,3,2
12810,5980343,6,4,0
12810,6077234,2,0,4
12810,6099531,6,4,0
12810,6160093,2,0,4
12810,6182437,7,4,0x80220200,,0,0x1202f,3,2
12810,6209390,6,4,0
12810,6328515,2,0,4
12810,6350781,6,4,0
12810,6430765,2,0,4
12810,6453062,7,4,0x80220200,,0,0x1202f,3,2
12810,6480015,6,4,0
12810,6589921,2,0,4
12810,6612218,6,4,0
12810,6672796,2,0,4
12810,6695125,7,4,0x80220200,,0,0x1202f,3,2
12810,6722078,6,4,0
12810,6834015,2,0,4
12810,6856281,6,4,0
12810,6936265,2,0,4
12810,6958562,7,4,0x80220200,,0,0x1202f,3,2
12810,6985515,6,4,0
12810,7082359,2,0,4
12810,7104656,6,4,0
12810,7165218,2,0,4
12810,7187500,7,4,0x80220200,,0,0x1202f,3,2
12810,7214468,6,4,0
12810,7335796,2,0,4
12810,7358093,6,4,0
12810,7440937,2,0,4
12810,7463250,7,4,0x80220200,,0,0x1202f,3,2
12810,7490218,6,4,0
12810,7587046,2,0,4
12810,7609343,6,4,0
12810,7669906,2,0,4
12810,7692187,7,4,0x80220200,,0,0x1202f,3,2
12810,7719140,6,4,0
12810,7839265,2,0,4
12810,7859031,6,4,0
12810,7880765,2,0,4
12810,7900656,6,4,0
12810,7914375,2,0,4
12810,7934812,7,4,0x80220200,,0,0x1202f,3,2
12810,7961765,6,4,0
12810,8057859,2,0,4
12810,8077656,6,4,0
12810,8099406,2,0,4
12810,8119343,6,4,0
12810,8133062,2,0,4
12810,8153500,7,4,0x80220200,,0,0x1202f,3,2
12810,8180453,6,4,0
12810,8277359,2,0,4
12810,8297156,6,4,0
12810,8318921,2,0,4
12810,8338843,6,4,0
12810,8352546,2,0,4
12810,8373000,7,4,0x80220200,,0,0x1202f,3,2
12810,8399968,6,4,0
12810,8496046,2,0,4
12810,8515843,6,4,0
12810,8537609,2,0,4
12810,8557531,6,4,0
12810,8571250,2,0,4
12810,8591687,7,4,0x80220200,,0,0x1202f,3,2
12810,8618656,6,4,0
12810,8746890,2,0,4
12810,8769156,6,4,0
12810,8851328,2,0,4
12810,8873625,7,4,0x80220200,,0,0x1202f,3,2
12810,8900593,6,4,0
12810,8997421,2,0,4
12810,9019718,6,4,0
12810,9080312,2,0,4
12810,9102625,7,4,0x80220200,,0,0x1202f,3,2
12810,9129609,6,4,0
12810,9250859,2,0,4
12810,9273156,6,4,0
12810,9350984,2,0,4
12810,9373312,7,4,0x80220200,,0,0x1202f,3,2
12810,9400265,6,4,0
12810,9497171,2,0,4
12810,9519468,6,4,0
12810,9580046,2,0,4
12810,9602375,7,4,0x80220200,,0,0x1202f,3,2
12810,9629359,6,4,0
12810,9753546,2,0,4
12810,9775843,6,4,0
12810,9857984,2,0,4
12810,9880312,7,4,0x80220200,,0,0x1202f,3,2
12810,9907296,6,4,0
12820,17421,2,0,4
12820,39656,6,4,0
12820,100218,2,0,4
12820,122500,7,4,0x80220200,,0,0x1202f,3,2
12820,149453,6,4,0
12820,258453,2,0,4
12820,280718,6,4,0
12820,360703,2,0,4
12820,383000,7,4,0x80220200,,0,0x1202f,3,2
12820,409953,6,4,0
12820,506734,2,0,4
12820,529031,6,4,0
12820,589578,2,0,4
12820,611875,7,4,0x80220200,,0,0x1202f,3,2
12820,638828,6,4,0
12820,758015,2,0,4
12820,780281,6,4,0
12820,865296,2,0,4
12820,887625,7,4,0x80220200,,0,0x1202f,3,2
12820,914593,6,4,0
12820,1011421,2,0,4
12820,1033718,6,4,0
12820,1094296,2,0,4
12820,1116625,7,4,0x80220200,,0,0x1202f,3,2
12820,1143578,6,4,0
12820,1263703,2,0,4
12820,1283468,6,4,0
12820,1305203,2,0,4
----
