

microT-Kernel Version 3.00

Task Tracer 1.00
Copyright (C) 2010-2022 Personal Media Corporation
A:   Server
B:   Vehicle
A+B: Test
Selected: Vehicle
Departure Time: 3000
Left intersection, flag set to 1
Reached next intersection, stopping tracking
(Required Time: 1368 ms)
Addtional waiting time: 632 ms
Left intersection, flag set to 1
Reached next intersection, stopping tracking
(Required Time: 2766 ms)
Addtional waiting time: 1234 ms
Start Left Turn
Left the line
New line found, stopping rotation
(Required Time: 704 ms)
Addtional waiting time: 2296 ms
Left intersection, flag set to 1
Reached next intersection, stopping tracking
(Required Time: 2341 ms)
Addtional waiting time: 1659 ms
Left intersection, flag set to 1
Reached next intersection, stopping tracking
(Required Time: 2963 ms)
Addtional waiting time: 1037 ms
åƒÇ—Ç‹Å[Ç∑
Start Left Turn
Left the line
New line found, stopping rotation
(Required Time: 660 ms)
Addtional waiting time: 2340 ms
Left intersection, flag set to 1
Reached next intersection, stopping tracking
(Required Time: 2408 ms)
Addtional waiting time: 1592 ms
Start Left Turn
Left the line
New line found, stopping rotation
(Required Time: 938 ms)
Addtional waiting time: 2062 ms
Left intersection, flag set to 1
Reached next intersection, stopping tracking
(Required Time: 2059 ms)
Addtional waiting time: 1941 ms
Left intersection, flag set to 1
Reached next intersection, stopping tracking
(Required Time: 2692 ms)
Addtional waiting time: 1308 ms
finish driving
----
2,2,4,2026,1
0,2,0,0x547874,2,0x11585
0,3,0,0x547874,2,0x11585
1,1,0x11499
1,3,0x11fb9
1,4,0x11fb9
1,10,0xece9
4940,165609,2,0,4
4940,185406,6,4,0
4940,207156,2,0,4
4940,227031,6,4,0
4940,240718,2,0,4
4940,261125,7,4,0x80220200,,0,0x1202f,3,2
4940,288078,6,4,0
4940,384109,2,0,4
4940,403906,6,4,0
4940,425640,2,0,4
4940,445531,6,4,0
4940,459234,2,0,4
4940,479625,7,4,0x80220200,,0,0x1202f,3,2
4940,506562,6,4,0
4960,2013140,1,0,2,0
4960,2028687,3,2,0x80370200,,0,0x115a7,1,0x2001b580
4960,2308875,2,2,1
4960,2322062,6,1,2
4960,2336265,4,2,0x80130100,,0x1168f,10
4960,2372656,1,2,0,4
4970,5664609,2,0,1
4970,5680312,7,1,0x80060100,,0,0x114d3,2
4970,5864500,6,1,0
7970,144546,2,0,4
7970,166781,6,4,0
7970,232375,2,0,4
7970,254687,7,4,0x80220200,,0,0x1202f,3,2
7970,281640,6,4,0
7970,378421,2,0,4
7970,400718,6,4,0
7970,461265,2,0,4
7970,483562,7,4,0x80220200,,0,0x1202f,3,2
7970,510500,6,4,0
7970,619515,2,0,4
7970,641781,6,4,0
7970,724640,2,0,4
7970,746937,7,4,0x80220200,,0,0x1202f,3,2
7970,773890,6,4,0
7970,870796,2,0,4
7970,893093,6,4,0
7970,953671,2,0,4
7970,976000,7,4,0x80220200,,0,0x1202f,3,2
7970,1002968,6,4,0
7970,1122078,2,0,4
7970,1144343,6,4,0
7970,1226515,2,0,4
7970,1248812,7,4,0x80220200,,0,0x1202f,3,2
7970,1275765,6,4,0
7970,4348953,2,0,4
7970,4371218,6,4,0
7970,4451203,2,0,4
7970,4473500,7,4,0x80220200,,0,0x1202f,3,2
7970,4500453,6,4,0
7970,4597296,2,0,4
7970,4619593,6,4,0
7970,4680156,2,0,4
7970,4702437,7,4,0x80220200,,0,0x1202f,3,2
7970,4729406,6,4,0
7970,4853546,2,0,4
7970,4875843,6,4,0
7970,4952953,2,0,4
7970,4975250,7,4,0x80220200,,0,0x1202f,3,2
7970,5002218,6,4,0
7970,5099109,2,0,4
7970,5121406,6,4,0
7970,5181968,2,0,4
7970,5204250,7,4,0x80220200,,0,0x1202f,3,2
7970,5231203,6,4,0
7970,5355359,2,0,4
7970,5377656,6,4,0
7970,5459781,2,0,4
7970,5482062,7,4,0x80220200,,0,0x1202f,3,2
7970,5509031,6,4,0
7970,5609671,2,0,4
7970,5629468,6,4,0
7970,5651234,2,0,4
7970,5671156,6,4,0
7970,5684875,2,0,4
7970,5705312,7,4,0x80220200,,0,0x1202f,3,2
7970,5732265,6,4,0
7970,5859984,2,0,4
7970,5879781,6,4,0
7970,5901546,2,0,4
7970,5921468,6,4,0
7970,5935171,2,0,4
7970,5955625,7,4,0x80220200,,0,0x1202f,3,2
7970,5982593,6,4,0
7970,6079484,2,0,4
7970,6099281,6,4,0
7970,6121031,2,0,4
7970,6140906,6,4,0
7970,6154625,2,0,4
7970,6175062,7,4,0x80220200,,0,0x1202f,3,2
7970,6202015,6,4,0
7970,6298109,2,0,4
7970,6317906,6,4,0
7970,6339656,2,0,4
7970,6359593,6,4,0
7970,6373296,2,0,4
7970,6393750,7,4,0x80220200,,0,0x1202f,3,2
7970,6420718,6,4,0
7970,6526671,2,0,4
7970,6548968,6,4,0
7970,6609546,2,0,4
7970,6631875,7,4,0x80220200,,0,0x1202f,3,2
7970,6658828,6,4,0
7970,6765734,2,0,4
7970,6788031,6,4,0
7970,6870171,2,0,4
7970,6892500,7,4,0x80220200,,0,0x1202f,3,2
7970,6919453,6,4,0
7970,7016296,2,0,4
7970,7038593,6,4,0
7970,7099156,2,0,4
7970,7121437,7,4,0x80220200,,0,0x1202f,3,2
7970,7148406,6,4,0
7970,7267578,2,0,4
7970,7289843,6,4,0
7970,7372015,2,0,4
7970,7394312,7,4,0x80220200,,0,0x1202f,3,2
7970,7421281,6,4,0
7970,7518109,2,0,4
7970,7540406,6,4,0
7970,7600968,2,0,4
7970,7623312,7,4,0x80220200,,0,0x1202f,3,2
7970,7650265,6,4,0
7970,7775203,2,0,4
7970,7797468,6,4,0
7970,7874578,2,0,4
7970,7896875,7,4,0x80220200,,0,0x1202f,3,2
7970,7923828,6,4,0
7970,8020671,2,0,4
7970,8042968,6,4,0
7970,8103546,2,0,4
7970,8125875,7,4,0x80220200,,0,0x1202f,3,2
7970,8152843,6,4,0
7970,8276984,2,0,4
7970,8299281,6,4,0
7970,8381421,2,0,4
7970,8403750,7,4,0x80220200,,0,0x1202f,3,2
7970,8430703,6,4,0
7970,8527609,2,0,4
7970,8549906,6,4,0
7970,8610468,2,0,4
7970,8632812,7,4,0x80220200,,0,0x1202f,3,2
7970,8659796,6,4,0
7970,8778890,2,0,4
7970,8801218,6,4,0
7970,8883359,2,0,4
7970,8905687,7,4,0x80220200,,0,0x1202f,3,2
7970,8932671,6,4,0
7970,9033296,2,0,4
7970,9053093,6,4,0
7970,9074859,2,0,4
7970,9094781,6,4,0
7970,9108515,2,0,4
7970,9129000,7,4,0x80220200,,0,0x1202f,3,2
7970,9155968,6,4,0
7970,9286546,2,0,4
7970,9306343,6,4,0
7970,9328093,2,0,4
7970,9348031,6,4,0
7970,9361765,2,0,4
7970,9382250,7,4,0x80220200,,0,0x1202f,3,2
7970,9409218,6,4,0
7970,9506109,2,0,4
7970,9525906,6,4,0
7970,9547671,2,0,4
7970,9567593,6,4,0
7970,9581328,2,0,4
7970,9601750,7,4,0x80220200,,0,0x1202f,3,2
7970,9628718,6,4,0
7970,9724796,2,0,4
7970,9744593,6,4,0
7970,9766375,2,0,4
7970,9786281,6,4,0
7970,9800000,2,0,4
7970,9820437,7,4,0x80220200,,0,0x1202f,3,2
7970,9847421,6,4,0
7970,9990015,2,0,4
7980,18343,6,4,0
7980,92515,2,0,4
7980,114812,7,4,0x80220200,,0,0x1202f,3,2
7980,141765,6,4,0
7980,238546,2,0,4
7980,260843,6,4,0
7980,321406,2,0,4
7980,343687,7,4,0x80220200,,0,0x1202f,3,2
7980,370625,6,4,0
7980,494734,2,0,4
7980,517031,6,4,0
7980,594140,2,0,4
7980,616437,7,4,0x80220200,,0,0x1202f,3,2
7980,643390,6,4,0
7980,740296,2,0,4
7980,762593,6,4,0
7980,823171,2,0,4
7980,845500,7,4,0x80220200,,0,0x1202f,3,2
7980,872468,6,4,0
7980,998765,2,0,4
7980,1021031,6,4,0
7980,1101015,2,0,4
7980,1123312,7,4,0x80220200,,0,0x1202f,3,2
7980,1150265,6,4,0
7980,1260171,2,0,4
7980,1282468,6,4,0
7980,1343046,2,0,4
7980,1365375,7,4,0x80220200,,0,0x1202f,3,2
7980,1392343,6,4,0
7980,1501390,2,0,4
7980,1523656,6,4,0
7980,1606500,2,0,4
7980,1628812,7,4,0x80220200,,0,0x1202f,3,2
7980,1655781,6,4,0
7980,1752609,2,0,4
7980,1774906,6,4,0
7980,1835468,2,0,4
7980,1857750,7,4,0x80220200,,0,0x1202f,3,2
7980,1884703,6,4,0
7980,2003890,2,0,4
7980,2026156,6,4,0
7980,2108328,2,0,4
7980,2130625,7,4,0x80220200,,0,0x1202f,3,2
7980,2157578,6,4,0
7980,2254421,2,0,4
7980,2276718,6,4,0
7980,2337296,2,0,4
7980,2359625,7,4,0x80220200,,0,0x1202f,3,2
7980,2386562,6,4,0
7980,2504421,2,0,4
7980,2524218,6,4,0
7980,2545984,2,0,4
7980,2565906,6,4,0
7980,2579609,2,0,4
7980,2600062,7,4,0x80220200,,0,0x1202f,3,2
7980,2627031,6,4,0
7980,2723109,2,0,4
7980,2742906,6,4,0
7980,2764671,2,0,4
7980,2784593,6,4,0
7980,2798296,2,0,4
7980,2818750,7,4,0x80220200,,0,0x1202f,3,2
7980,2845687,6,4,0
7980,2942546,2,0,4
7980,2962343,6,4,0
7980,2984093,2,0,4
7980,3004031,6,4,0
7980,3017750,2,0,4
7980,3038187,7,4,0x80220200,,0,0x1202f,3,2
7980,3065140,6,4,0
7980,3161234,2,0,4
7980,3181031,6,4,0
7980,3202796,2,0,4
7980,3222718,6,4,0
7980,3236421,2,0,4
7980,3256875,7,4,0x80220200,,0,0x1202f,3,2
7980,3283843,6,4,0
7980,3414234,2,0,4
7980,3436531,6,4,0
7980,3516515,2,0,4
7980,3538812,7,4,0x80220200,,0,0x1202f,3,2
7980,3565781,6,4,0
7980,3662609,2,0,4
7980,3684906,6,4,0
7980,3745468,2,0,4
7980,3767750,7,4,0x80220200,,0,0x1202f,3,2
7980,3794703,6,4,0
7980,3918859,2,0,4
7980,3941156,6,4,0
7980,4023281,2,0,4
7980,4045562,7,4,0x80220200,,0,0x1202f,3,2
7980,4072531,6,4,0
7980,4169421,2,0,4
7980,4191718,6,4,0
7980,4252296,2,0,4
7980,4274625,7,4,0x80220200,,0,0x1202f,3,2
7980,4301578,6,4,0
7980,4422859,2,0,4
7980,4445156,6,4,0
7980,4522984,2,0,4
7980,4545250,7,4,0x80220200,,0,0x1202f,3,2
7980,4572203,6,4,0
7980,4682109,2,0,4
7980,4704406,6,4,0
7980,4764984,2,0,4
7980,4787312,7,4,0x80220200,,0,0x1202f,3,2
7980,4814265,6,4,0
7980,4926203,2,0,4
7980,4948468,6,4,0
7980,5025578,2,0,4
7980,5047875,7,4,0x80220200,,0,0x1202f,3,2
7980,5074812,6,4,0
7980,5171609,2,0,4
7980,5193906,6,4,0
7980,5254468,2,0,4
7980,5276750,7,4,0x80220200,,0,0x1202f,3,2
7980,5303718,6,4,0
7980,5430078,2,0,4
7980,5452343,6,4,0
7980,5530156,2,0,4
7980,5552437,7,4,0x80220200,,0,0x1202f,3,2
7980,5579406,6,4,0
7980,5676234,2,0,4
7980,5698531,6,4,0
7980,5759109,2,0,4
7980,5781437,7,4,0x80220200,,0,0x1202f,3,2
7980,5808390,6,4,0
7980,5931328,2,0,4
7980,5951093,6,4,0
7980,5972859,2,0,4
7980,5992781,6,4,0
7980,6006484,2,0,4
7980,6026937,7,4,0x80220200,,0,0x1202f,3,2
7980,6053906,6,4,0
7980,6149984,2,0,4
7980,6169781,6,4,0
7980,6191531,2,0,4
7980,6211406,6,4,0
7980,6225125,2,0,4
7980,6245562,7,4,0x80220200,,0,0x1202f,3,2
7980,6272515,6,4,0
7980,6369421,2,0,4
7980,6389218,6,4,0
7980,6410968,2,0,4
7980,6430906,6,4,0
7980,6444609,2,0,4
7980,6465062,7,4,0x80220200,,0,0x1202f,3,2
7980,6492031,6,4,0
7980,6588109,2,0,4
7980,6607906,6,4,0
7980,6629671,2,0,4
7980,6649593,6,4,0
7980,6663296,2,0,4
7980,6683750,7,4,0x80220200,,0,0x1202f,3,2
7980,6710718,6,4,0
7980,6838953,2,0,4
7980,6861218,6,4,0
7980,6943390,2,0,4
7980,6965687,7,4,0x80220200,,0,0x1202f,3,2
7980,6992640,6,4,0
7980,7089484,2,0,4
7980,7111781,6,4,0
7980,7172359,2,0,4
7980,7194687,7,4,0x80220200,,0,0x1202f,3,2
7980,7221656,6,4,0
7980,7342921,2,0,4
7980,7365218,6,4,0
7980,7445203,2,0,4
7980,7467500,7,4,0x80220200,,0,0x1202f,3,2
7980,7494468,6,4,0
7980,7591359,2,0,4
7980,7613656,6,4,0
7980,7674218,2,0,4
7980,7696500,7,4,0x80220200,,0,0x1202f,3,2
7980,7723453,6,4,0
7980,7844734,2,0,4
7980,7867031,6,4,0
7980,7952031,2,0,4
7980,7974312,7,4,0x80220200,,0,0x1202f,3,2
7980,8001281,6,4,0
7980,8111171,2,0,4
7980,8133468,6,4,0
7980,8194031,2,0,4
7980,8216312,7,4,0x80220200,,0,0x1202f,3,2
7980,8243265,6,4,0
7980,8350171,2,0,4
7980,8372468,6,4,0
7980,8452453,2,0,4
7980,8474750,7,4,0x80220200,,0,0x1202f,3,2
7980,8501703,6,4,0
7980,8598546,2,0,4
7980,8620843,6,4,0
7980,8681437,2,0,4
7980,8703750,7,4,0x80220200,,0,0x1202f,3,2
7980,8730734,6,4,0
7980,8854921,2,0,4
7980,8877218,6,4,0
7980,8954328,2,0,4
7980,8976687,7,4,0x80220200,,0,0x1202f,3,2
7980,9003671,6,4,0
7980,9100484,2,0,4
7980,9122781,6,4,0
7980,9183359,2,0,4
7980,9205687,7,4,0x80220200,,0,0x1202f,3,2
7980,9232656,6,4,0
7980,9355578,2,0,4
7980,9375406,6,4,0
7980,9397171,2,0,4
7980,9417093,6,4,0
7980,9430828,2,0,4
7980,9451312,7,4,0x80220200,,0,0x1202f,3,2
7980,9478281,6,4,0
7980,9574359,2,0,4
7980,9594156,6,4,0
7980,9615921,2,0,4
7980,9635843,6,4,0
7980,9649546,2,0,4
7980,9670000,7,4,0x80220200,,0,0x1202f,3,2
7980,9696984,6,4,0
7980,9793921,2,0,4
7980,9813718,6,4,0
7980,9835500,2,0,4
7980,9855406,6,4,0
7980,9869125,2,0,4
7980,9889562,7,4,0x80220200,,0,0x1202f,3,2
7980,9916546,6,4,0
7990,12859,2,0,4
7990,32593,6,4,0
7990,54296,2,0,4
7990,74218,6,4,0
7990,87906,2,0,4
7990,108312,7,4,0x80220200,,0,0x1202f,3,2
7990,135265,6,4,0
7990,265609,2,0,4
7990,287843,6,4,0
7990,365640,2,0,4
7990,387937,7,4,0x80220200,,0,0x1202f,3,2
7990,414890,6,4,0
7990,511671,2,0,4
7990,533968,6,4,0
7990,594515,2,0,4
7990,616812,7,4,0x80220200,,0,0x1202f,3,2
7990,643765,6,4,0
7990,767921,2,0,4
7990,790218,6,4,0
7990,870187,2,0,4
7990,892500,7,4,0x80220200,,0,0x1202f,3,2
7990,919468,6,4,0
7990,1016359,2,0,4
7990,1038656,6,4,0
7990,1099234,2,0,4
7990,1121562,7,4,0x80220200,,0,0x1202f,3,2
7990,1148515,6,4,0
7990,1272671,2,0,4
7990,1294968,6,4,0
7990,1377109,2,0,4
7990,1399375,7,4,0x80220200,,0,0x1202f,3,2
7990,1426328,6,4,0
7990,1536234,2,0,4
7990,1558531,6,4,0
7990,1619109,2,0,4
7990,1641437,7,4,0x80220200,,0,0x1202f,3,2
7990,1668390,6,4,0
7990,1775296,2,0,4
7990,1797593,6,4,0
7990,1879718,2,0,4
7990,1902062,7,4,0x80220200,,0,0x1202f,3,2
7990,1929000,6,4,0
7990,2025796,2,0,4
7990,2048093,6,4,0
7990,2108656,2,0,4
7990,2130937,7,4,0x80220200,,0,0x1202f,3,2
7990,2157906,6,4,0
7990,2279234,2,0,4
7990,2301531,6,4,0
7990,2379343,2,0,4
7990,2401625,7,4,0x80220200,,0,0x1202f,3,2
7990,2428593,6,4,0
7990,2525421,2,0,4
7990,2547718,6,4,0
7990,2608296,2,0,4
7990,2630625,7,4,0x80220200,,0,0x1202f,3,2
7990,2657578,6,4,0
7990,2782671,2,0,4
7990,2802468,6,4,0
7990,2824234,2,0,4
7990,2844156,6,4,0
7990,2857859,2,0,4
7990,2878312,7,4,0x80220200,,0,0x1202f,3,2
7990,2905281,6,4,0
7990,3001359,2,0,4
7990,3021156,6,4,0
7990,3042906,2,0,4
7990,3062781,6,4,0
7990,3076500,2,0,4
7990,3096937,7,4,0x80220200,,0,0x1202f,3,2
7990,3123890,6,4,0
7990,3220796,2,0,4
7990,3240593,6,4,0
7990,3262343,2,0,4
7990,3282281,6,4,0
7990,3295984,2,0,4
7990,3316437,7,4,0x80220200,,0,0x1202f,3,2
7990,3343406,6,4,0
7990,3439484,2,0,4
7990,3459281,6,4,0
7990,3481046,2,0,4
7990,3500968,6,4,0
7990,3514671,2,0,4
7990,3535125,7,4,0x80220200,,0,0x1202f,3,2
7990,3562093,6,4,0
7990,3690328,2,0,4
7990,3712593,6,4,0
7990,3790421,2,0,4
7990,3812750,7,4,0x80220200,,0,0x1202f,3,2
7990,3839703,6,4,0
7990,3936546,2,0,4
7990,3958843,6,4,0
7990,4019406,2,0,4
7990,4041687,7,4,0x80220200,,0,0x1202f,3,2
7990,4068656,6,4,0
7990,4192796,2,0,4
7990,4215093,6,4,0
7990,4295062,2,0,4
7990,4317375,7,4,0x80220200,,0,0x1202f,3,2
7990,4344343,6,4,0
7990,4441234,2,0,4
7990,4463531,6,4,0
7990,4524093,2,0,4
7990,4546375,7,4,0x80220200,,0,0x1202f,3,2
7990,4573328,6,4,0
7990,4692453,2,0,4
7990,4714718,6,4,0
7990,4799734,2,0,4
7990,4822062,7,4,0x80220200,,0,0x1202f,3,2
7990,4849031,6,4,0
7990,4958921,2,0,4
7990,4981218,6,4,0
7990,5041765,2,0,4
7990,5064062,7,4,0x80220200,,0,0x1202f,3,2
7990,5091015,6,4,0
7990,5197921,2,0,4
7990,5220218,6,4,0
7990,5300203,2,0,4
7990,5322500,7,4,0x80220200,,0,0x1202f,3,2
7990,5349453,6,4,0
7990,5446296,2,0,4
7990,5468593,6,4,0
7990,5529156,2,0,4
7990,5551437,7,4,0x80220200,,0,0x1202f,3,2
7990,5578406,6,4,0
7990,5704765,2,0,4
7990,5727031,6,4,0
7990,5807000,2,0,4
7990,5829312,7,4,0x80220200,,0,0x1202f,3,2
7990,5856281,6,4,0
7990,5953109,2,0,4
7990,5975406,6,4,0
7990,6035968,2,0,4
7990,6058250,7,4,0x80220200,,0,0x1202f,3,2
7990,6085203,6,4,0
7990,6208140,2,0,4
7990,6227906,6,4,0
7990,6249640,2,0,4
7990,6269531,6,4,0
7990,6283250,2,0,4
7990,6303687,7,4,0x80220200,,0,0x1202f,3,2
7990,6330640,6,4,0
7990,6426734,2,0,4
7990,6446531,6,4,0
7990,6468281,2,0,4
7990,6488218,6,4,0
7990,6501906,2,0,4
7990,6522312,7,4,0x80220200,,0,0x1202f,3,2
7990,6549281,6,4,0
7990,6646171,2,0,4
7990,6665968,6,4,0
7990,6687734,2,0,4
7990,6707656,6,4,0
7990,6721359,2,0,4
7990,6741812,7,4,0x80220200,,0,0x1202f,3,2
7990,6768781,6,4,0
7990,6864859,2,0,4
7990,6884656,6,4,0
7990,6906406,2,0,4
7990,6926281,6,4,0
7990,6940000,2,0,4
7990,6960437,7,4,0x80220200,,0,0x1202f,3,2
7990,6987390,6,4,0
7990,7110609,2,0,4
7990,7132906,6,4,0
7990,7217921,2,0,4
7990,7240250,7,4,0x80220200,,0,0x1202f,3,2
7990,7267203,6,4,0
7990,7364046,2,0,4
7990,7386343,6,4,0
7990,7446921,2,0,4
7990,7469250,7,4,0x80220200,,0,0x1202f,3,2
7990,7496218,6,4,0
7990,7615328,2,0,4
7990,7637593,6,4,0
7990,7722609,2,0,4
7990,7744937,7,4,0x80220200,,0,0x1202f,3,2
7990,7771890,6,4,0
7990,7868796,2,0,4
7990,7891093,6,4,0
7990,7951656,2,0,4
7990,7973937,7,4,0x80220200,,0,0x1202f,3,2
7990,8000906,6,4,0
7990,8122171,2,0,4
7990,8144468,6,4,0
7990,8224453,2,0,4
7990,8246750,7,4,0x80220200,,0,0x1202f,3,2
7990,8273718,6,4,0
7990,8383609,2,0,4
7990,8405906,6,4,0
7990,8466468,2,0,4
7990,8488750,7,4,0x80220200,,0,0x1202f,3,2
7990,8515718,6,4,0
7990,8624765,2,0,4
7990,8647093,6,4,0
7990,8729968,2,0,4
7990,8752312,7,4,0x80220200,,0,0x1202f,3,2
7990,8779296,6,4,0
7990,8876171,2,0,4
7990,8898468,6,4,0
7990,8959062,2,0,4
7990,8981375,7,4,0x80220200,,0,0x1202f,3,2
7990,9008343,6,4,0
7990,9129671,2,0,4
7990,9151968,6,4,0
7990,9229812,2,0,4
7990,9252125,7,4,0x80220200,,0,0x1202f,3,2
7990,9279093,6,4,0
7990,9375921,2,0,4
7990,9398218,6,4,0
7990,9458796,2,0,4
7990,9481125,7,4,0x80220200,,0,0x1202f,3,2
7990,9508109,6,4,0
7990,9633171,2,0,4
7990,9652968,6,4,0
7990,9674734,2,0,4
7990,9694656,6,4,0
7990,9708390,2,0,4
7990,9728812,7,4,0x80220200,,0,0x1202f,3,2
7990,9755781,6,4,0
7990,9851859,2,0,4
7990,9871656,6,4,0
7990,9893437,2,0,4
7990,9913343,6,4,0
7990,9927062,2,0,4
7990,9947500,7,4,0x80220200,,0,0x1202f,3,2
7990,9974484,6,4,0
8000,77046,2,0,4
8000,96781,6,4,0
8000,118515,2,0,4
8000,138406,6,4,0
8000,152093,2,0,4
8000,172500,7,4,0x80220200,,0,0x1202f,3,2
8000,199453,6,4,0
8000,295484,2,0,4
8000,315218,6,4,0
8000,336968,2,0,4
8000,356843,6,4,0
8000,370531,2,0,4
8000,390937,7,4,0x80220200,,0,0x1202f,3,2
8000,417890,6,4,0
8000,538890,2,0,4
8000,561156,6,4,0
8000,643296,2,0,4
8000,665625,7,4,0x80220200,,0,0x1202f,3,2
8000,692578,6,4,0
8000,789421,2,0,4
8000,811718,6,4,0
8000,872281,2,0,4
8000,894562,7,4,0x80220200,,0,0x1202f,3,2
8000,921531,6,4,0
8000,1042796,2,0,4
8000,1065093,6,4,0
8000,1142906,2,0,4
8000,1165187,7,4,0x80220200,,0,0x1202f,3,2
8000,1192156,6,4,0
8000,1289046,2,0,4
8000,1311343,6,4,0
8000,1371890,2,0,4
8000,1394187,7,4,0x80220200,,0,0x1202f,3,2
8000,1421140,6,4,0
8000,1547453,2,0,4
8000,1569718,6,4,0
8000,1647546,2,0,4
8000,1669875,7,4,0x80220200,,0,0x1202f,3,2
8000,1696828,6,4,0
8000,1806734,2,0,4
8000,1829031,6,4,0
8000,1889609,2,0,4
8000,1911937,7,4,0x80220200,,0,0x1202f,3,2
8000,1938890,6,4,0
8000,2050828,2,0,4
8000,2073093,6,4,0
8000,2155234,2,0,4
8000,2177562,7,4,0x80220200,,0,0x1202f,3,2
8000,2204515,6,4,0
8000,2301359,2,0,4
8000,2323656,6,4,0
8000,2384218,2,0,4
8000,2406500,7,4,0x80220200,,0,0x1202f,3,2
8000,2433468,6,4,0
8000,2554796,2,0,4
8000,2577093,6,4,0
8000,2657078,2,0,4
8000,2679375,7,4,0x80220200,,0,0x1202f,3,2
8000,2706343,6,4,0
8000,2803171,2,0,4
8000,2825468,6,4,0
8000,2886031,2,0,4
8000,2908312,7,4,0x80220200,,0,0x1202f,3,2
8000,2935265,6,4,0
8000,3058203,2,0,4
8000,3077968,6,4,0
8000,3099734,2,0,4
8000,3119656,6,4,0
8000,3133375,2,0,4
8000,3153812,7,4,0x80220200,,0,0x1202f,3,2
8000,3180765,6,4,0
8000,3276859,2,0,4
8000,3296593,6,4,0
8000,3318343,2,0,4
8000,3338281,6,4,0
8000,3352000,2,0,4
8000,3372437,7,4,0x80220200,,0,0x1202f,3,2
8000,3399390,6,4,0
8000,3496296,2,0,4
8000,3516093,6,4,0
8000,3537859,2,0,4
8000,3557781,6,4,0
8000,3571484,2,0,4
8000,3591937,7,4,0x80220200,,0,0x1202f,3,2
8000,3618906,6,4,0
8000,3714984,2,0,4
8000,3734781,6,4,0
8000,3756546,2,0,4
8000,3776468,6,4,0
8000,3790187,2,0,4
8000,3810625,7,4,0x80220200,,0,0x1202f,3,2
8000,3837578,6,4,0
8000,3963015,2,0,4
8000,3985281,6,4,0
8000,4068109,2,0,4
8000,4090437,7,4,0x80220200,,0,0x1202f,3,2
8000,4117390,6,4,0
8000,4214234,2,0,4
8000,4236531,6,4,0
8000,4297109,2,0,4
8000,4319437,7,4,0x80220200,,0,0x1202f,3,2
8000,4346406,6,4,0
8000,4465515,2,0,4
8000,4487781,6,4,0
8000,4572781,2,0,4
8000,4595125,7,4,0x80220200,,0,0x1202f,3,2
8000,4622078,6,4,0
8000,4718984,2,0,4
8000,4741218,6,4,0
8000,4801828,2,0,4
8000,4824125,7,4,0x80220200,,0,0x1202f,3,2
8000,4851093,6,4,0
8000,4970203,2,0,4
8000,4992468,6,4,0
8000,5074640,2,0,4
8000,5096937,7,4,0x80220200,,0,0x1202f,3,2
8000,5123906,6,4,0
8000,5233796,2,0,4
8000,5256093,6,4,0
8000,5316656,2,0,4
8000,5338937,7,4,0x80220200,,0,0x1202f,3,2
8000,5365890,6,4,0
8000,5472796,2,0,4
8000,5495093,6,4,0
8000,5580109,2,0,4
8000,5602437,7,4,0x80220200,,0,0x1202f,3,2
8000,5629390,6,4,0
8000,5726234,2,0,4
8000,5748531,6,4,0
8000,5809109,2,0,4
8000,5831437,7,4,0x80220200,,0,0x1202f,3,2
8000,5858406,6,4,0
8000,5977578,2,0,4
8000,5999843,6,4,0
8000,6079828,2,0,4
8000,6102125,7,4,0x80220200,,0,0x1202f,3,2
8000,6129078,6,4,0
8000,6225921,2,0,4
8000,6248156,6,4,0
8000,6308765,2,0,4
8000,6331062,7,4,0x80220200,,0,0x1202f,3,2
8000,6358031,6,4,0
8000,6483109,2,0,4
8000,6502906,6,4,0
8000,6524656,2,0,4
8000,6544593,6,4,0
8000,6558312,2,0,4
8000,6578750,7,4,0x80220200,,0,0x1202f,3,2
8000,6605703,6,4,0
8000,6701796,2,0,4
8000,6721593,6,4,0
8000,6743359,2,0,4
8000,6763281,6,4,0
8000,6776984,2,0,4
8000,6797437,7,4,0x80220200,,0,0x1202f,3,2
8000,6824406,6,4,0
8000,6921296,2,0,4
8000,6941093,6,4,0
8000,6962859,2,0,4
8000,6982781,6,4,0
8000,6996500,2,0,4
8000,7016937,7,4,0x80220200,,0,0x1202f,3,2
8000,7043890,6,4,0
8000,7139984,2,0,4
8000,7159781,6,4,0
8000,7181531,2,0,4
8000,7201468,6,4,0
8000,7215187,2,0,4
8000,7235625,7,4,0x80220200,,0,0x1202f,3,2
8000,7262578,6,4,0
8000,7385796,2,0,4
8000,7408093,6,4,0
8000,7490937,2,0,4
8000,7513250,7,4,0x80220200,,0,0x1202f,3,2
8000,7540218,6,4,0
8000,7637046,2,0,4
8000,7659343,6,4,0
8000,7719921,2,0,4
8000,7742250,7,4,0x80220200,,0,0x1202f,3,2
8000,7769203,6,4,0
8000,7893359,2,0,4
8000,7915656,6,4,0
8000,7995640,2,0,4
8000,8017937,7,4,0x80220200,,0,0x1202f,3,2
8000,8044890,6,4,0
8000,8141796,2,0,4
8000,8164093,6,4,0
8000,8224671,2,0,4
8000,8247000,7,4,0x80220200,,0,0x1202f,3,2
8000,8273968,6,4,0
8000,8395234,2,0,4
8000,8417531,6,4,0
8000,8500375,2,0,4
8000,8522687,7,4,0x80220200,,0,0x1202f,3,2
8000,8549640,6,4,0
8000,8659546,2,0,4
8000,8681843,6,4,0
8000,8742421,2,0,4
8000,8764750,7,4,0x80220200,,0,0x1202f,3,2
8000,8791734,6,4,0
8000,8895765,2,0,4
8000,8918093,6,4,0
8000,9003109,2,0,4
8000,9025437,7,4,0x80220200,,0,0x1202f,3,2
8000,9052421,6,4,0
8000,9149234,2,0,4
8000,9171531,6,4,0
8000,9232125,2,0,4
8000,9254437,7,4,0x80220200,,0,0x1202f,3,2
8000,9281406,6,4,0
8000,9400578,2,0,4
8000,9422843,6,4,0
8000,9507875,2,0,4
8000,9530187,7,4,0x80220200,,0,0x1202f,3,2
8000,9557156,6,4,0
8000,9653984,2,0,4
8000,9676281,6,4,0
8000,9736875,2,0,4
8000,9759187,7,4,0x80220200,,0,0x1202f,3,2
8000,9786171,6,4,0
8000,9906265,2,0,4
8000,9926031,6,4,0
8000,9947765,2,0,4
8000,9967718,6,4,0
8000,9981437,2,0,4
8000,10001875,7,4,0x80220200,,0,0x1202f,3,2
8010,34500,6,4,0
8010,130546,2,0,4
8010,150343,6,4,0
8010,172078,2,0,4
8010,191968,6,4,0
8010,205671,2,0,4
8010,226062,7,4,0x80220200,,0,0x1202f,3,2
8010,253000,6,4,0
8010,349859,2,0,4
8010,369593,6,4,0
8010,391343,2,0,4
8010,411218,6,4,0
8010,424906,2,0,4
8010,445312,7,4,0x80220200,,0,0x1202f,3,2
8010,472265,6,4,0
8010,568296,2,0,4
8010,588093,6,4,0
8010,609859,2,0,4
8010,629781,6,4,0
8010,643500,2,0,4
8010,663937,7,4,0x80220200,,0,0x1202f,3,2
8010,690890,6,4,0
8010,814109,2,0,4
8010,836406,6,4,0
8010,916390,2,0,4
8010,938687,7,4,0x80220200,,0,0x1202f,3,2
8010,965640,6,4,0
8010,1062484,2,0,4
8010,1084781,6,4,0
8010,1145359,2,0,4
8010,1167687,7,4,0x80220200,,0,0x1202f,3,2
8010,1194656,6,4,0
8010,1313765,2,0,4
8010,1336031,6,4,0
8010,1421031,2,0,4
8010,1443375,7,4,0x80220200,,0,0x1202f,3,2
8010,1470312,6,4,0
8010,1567171,2,0,4
8010,1589468,6,4,0
8010,1650031,2,0,4
8010,1672312,7,4,0x80220200,,0,0x1202f,3,2
8010,1699281,6,4,0
8010,1820546,2,0,4
8010,1842843,6,4,0
8010,1922828,2,0,4
8010,1945125,7,4,0x80220200,,0,0x1202f,3,2
8010,1972093,6,4,0
8010,2081984,2,0,4
8010,2104281,6,4,0
8010,2164843,2,0,4
8010,2187125,7,4,0x80220200,,0,0x1202f,3,2
8010,2214078,6,4,0
8010,2323140,2,0,4
8010,2345406,6,4,0
8010,2428265,2,0,4
8010,2450562,7,4,0x80220200,,0,0x1202f,3,2
8010,2477515,6,4,0
8010,2574359,2,0,4
8010,2596656,6,4,0
8010,2657234,2,0,4
8010,2679562,7,4,0x80220200,,0,0x1202f,3,2
8010,2706531,6,4,0
8010,2827859,2,0,4
8010,2850156,6,4,0
8010,2933000,2,0,4
8010,2955312,7,4,0x80220200,,0,0x1202f,3,2
8010,2982265,6,4,0
8010,3079109,2,0,4
8010,3101406,6,4,0
8010,3161968,2,0,4
8010,3184250,7,4,0x80220200,,0,0x1202f,3,2
8010,3211218,6,4,0
8010,3329109,2,0,4
8010,3348906,6,4,0
8010,3370656,2,0,4
8010,3390531,6,4,0
8010,3404250,2,0,4
8010,3424687,7,4,0x80220200,,0,0x1202f,3,2
8010,3451640,6,4,0
8010,3547734,2,0,4
8010,3567531,6,4,0
8010,3589281,2,0,4
8010,3609218,6,4,0
8010,3622921,2,0,4
8010,3643375,7,4,0x80220200,,0,0x1202f,3,2
8010,3670343,6,4,0
8010,3767234,2,0,4
8010,3787031,6,4,0
8010,3808796,2,0,4
8010,3828718,6,4,0
8010,3842421,2,0,4
8010,3862875,7,4,0x80220200,,0,0x1202f,3,2
8010,3889843,6,4,0
8010,3985921,2,0,4
8010,4005718,6,4,0
8010,4027468,2,0,4
8010,4047343,6,4,0
8010,4061062,2,0,4
8010,4081500,7,4,0x80220200,,0,0x1202f,3,2
8010,4108453,6,4,0
8010,4238859,2,0,4
8010,4261156,6,4,0
8010,4338953,2,0,4
8010,4361250,7,4,0x80220200,,0,0x1202f,3,2
8010,4388218,6,4,0
8010,4485046,2,0,4
8010,4507343,6,4,0
8010,4567921,2,0,4
8010,4590250,7,4,0x80220200,,0,0x1202f,3,2
8010,4617203,6,4,0
8010,4741359,2,0,4
8010,4763656,6,4,0
8010,4843640,2,0,4
8010,4865937,7,4,0x80220200,,0,0x1202f,3,2
8010,4892890,6,4,0
8010,4989796,2,0,4
8010,5012093,6,4,0
8010,5072656,2,0,4
8010,5094937,7,4,0x80220200,,0,0x1202f,3,2
8010,5121906,6,4,0
8010,5246046,2,0,4
8010,5268343,6,4,0
8010,5345453,2,0,4
8010,5367750,7,4,0x80220200,,0,0x1202f,3,2
8010,5394718,6,4,0
8010,5504609,2,0,4
8010,5526906,6,4,0
8010,5587468,2,0,4
8010,5609750,7,4,0x80220200,,0,0x1202f,3,2
8010,5636718,6,4,0
8010,5745765,2,0,4
8010,5768031,6,4,0
8010,5853015,2,0,4
8010,5875312,7,4,0x80220200,,0,0x1202f,3,2
8010,5902281,6,4,0
8010,5999109,2,0,4
8010,6021406,6,4,0
8010,6081984,2,0,4
8010,6104312,7,4,0x80220200,,0,0x1202f,3,2
8010,6131265,6,4,0
8010,6250453,2,0,4
8010,6272718,6,4,0
8010,6357734,2,0,4
8010,6380000,7,4,0x80220200,,0,0x1202f,3,2
8010,6406953,6,4,0
8010,6503796,2,0,4
8010,6526093,6,4,0
8010,6586671,2,0,4
8010,6609000,7,4,0x80220200,,0,0x1202f,3,2
8010,6635968,6,4,0
8010,6756078,2,0,4
8010,6775843,6,4,0
8010,6797562,2,0,4
8010,6817468,6,4,0
8010,6831156,2,0,4
8010,6851562,7,4,0x80220200,,0,0x1202f,3,2
8010,6878531,6,4,0
8010,6974609,2,0,4
8010,6994406,6,4,0
8010,7016171,2,0,4
8010,7036093,6,4,0
8010,7049796,2,0,4
8010,7070250,7,4,0x80220200,,0,0x1202f,3,2
8010,7097218,6,4,0
8010,7194109,2,0,4
8010,7213906,6,4,0
8010,7235656,2,0,4
8010,7255531,6,4,0
8010,7269250,2,0,4
8010,7289687,7,4,0x80220200,,0,0x1202f,3,2
8010,7316640,6,4,0
8010,7412734,2,0,4
8010,7432531,6,4,0
8010,7454281,2,0,4
8010,7474218,6,4,0
8010,7487921,2,0,4
8010,7508375,7,4,0x80220200,,0,0x1202f,3,2
8010,7535343,6,4,0
8010,7663578,2,0,4
8010,7685843,6,4,0
8010,7768015,2,0,4
8010,7790312,7,4,0x80220200,,0,0x1202f,3,2
8010,7817281,6,4,0
8010,7914109,2,0,4
8010,7936406,6,4,0
8010,7996968,2,0,4
8010,8019250,7,4,0x80220200,,0,0x1202f,3,2
8010,8046203,6,4,0
8010,8167484,2,0,4
8010,8189781,6,4,0
8010,8267609,2,0,4
8010,8289937,7,4,0x80220200,,0,0x1202f,3,2
8010,8316890,6,4,0
8010,8413796,2,0,4
8010,8436093,6,4,0
8010,8496671,2,0,4
8010,8519000,7,4,0x80220200,,0,0x1202f,3,2
8010,8545968,6,4,0
8010,8670109,2,0,4
8010,8692406,6,4,0
8010,8772406,2,0,4
8010,8794750,7,4,0x80220200,,0,0x1202f,3,2
8010,8821718,6,4,0
8010,8931609,2,0,4
8010,8953906,6,4,0
8010,9014500,2,0,4
8010,9036812,7,4,0x80220200,,0,0x1202f,3,2
8010,9063796,6,4,0
8010,9172828,2,0,4
8010,9195156,6,4,0
8010,9278015,2,0,4
8010,9300375,7,4,0x80220200,,0,0x1202f,3,2
8010,9327359,6,4,0
8010,9424171,2,0,4
8010,9446468,6,4,0
8010,9507046,2,0,4
8010,9529375,7,4,0x80220200,,0,0x1202f,3,2
8010,9556343,6,4,0
8010,9677671,2,0,4
8010,9699968,6,4,0
8010,9777781,2,0,4
8010,9800125,7,4,0x80220200,,0,0x1202f,3,2
8010,9827109,6,4,0
8010,9923984,2,0,4
8010,9946281,6,4,0
8020,12015,2,0,4
8020,34250,7,4,0x80220200,,0,0x1202f,3,2
8020,61203,6,4,0
8020,181328,2,0,4
8020,201093,6,4,0
8020,222796,2,0,4
8020,242656,6,4,0
8020,256359,2,0,4
8020,276812,7,4,0x80220200,,0,0x1202f,3,2
8020,303750,6,4,0
8020,399796,2,0,4
8020,419531,6,4,0
8020,441265,2,0,4
8020,461156,6,4,0
8020,474843,2,0,4
8020,495250,7,4,0x80220200,,0,0x1202f,3,2
8020,522203,6,4,0
8020,619109,2,0,4
8020,638906,6,4,0
8020,660671,2,0,4
8020,680593,6,4,0
8020,694296,2,0,4
8020,714750,7,4,0x80220200,,0,0x1202f,3,2
8020,741718,6,4,0
8020,837796,2,0,4
8020,857593,6,4,0
8020,879343,2,0,4
8020,899218,6,4,0
8020,912937,2,0,4
8020,933375,7,4,0x80220200,,0,0x1202f,3,2
8020,960328,6,4,0
8020,1088578,2,0,4
8020,1110843,6,4,0
8020,1193015,2,0,4
8020,1215312,7,4,0x80220200,,0,0x1202f,3,2
8020,1242281,6,4,0
8020,1339109,2,0,4
8020,1361406,6,4,0
8020,1421984,2,0,4
8020,1444312,7,4,0x80220200,,0,0x1202f,3,2
8020,1471265,6,4,0
8020,1592546,2,0,4
8020,1614843,6,4,0
8020,1694828,2,0,4
8020,1717125,7,4,0x80220200,,0,0x1202f,3,2
8020,1744078,6,4,0
8020,1840984,2,0,4
8020,1863281,6,4,0
8020,1923843,2,0,4
8020,1946125,7,4,0x80220200,,0,0x1202f,3,2
8020,1973093,6,4,0
8020,2094359,2,0,4
8020,2116656,6,4,0
8020,2199500,2,0,4
8020,2221812,7,4,0x80220200,,0,0x1202f,3,2
8020,2248781,6,4,0
8020,2358671,2,0,4
8020,2380968,6,4,0
8020,2441531,2,0,4
8020,2463812,7,4,0x80220200,,0,0x1202f,3,2
8020,2490781,6,4,0
8020,2599828,2,0,4
8020,2622093,6,4,0
8020,2699890,2,0,4
8020,2722187,7,4,0x80220200,,0,0x1202f,3,2
8020,2749156,6,4,0
8020,2845984,2,0,4
8020,2868281,6,4,0
8020,2928859,2,0,4
8020,2951187,7,4,0x80220200,,0,0x1202f,3,2
8020,2978125,6,4,0
8020,3102296,2,0,4
8020,3124593,6,4,0
8020,3204578,2,0,4
8020,3226875,7,4,0x80220200,,0,0x1202f,3,2
8020,3253828,6,4,0
8020,3350671,2,0,4
8020,3372968,6,4,0
8020,3433531,2,0,4
8020,3455812,7,4,0x80220200,,0,0x1202f,3,2
8020,3482781,6,4,0
8020,3602890,2,0,4
8020,3622656,6,4,0
8020,3644375,2,0,4
8020,3664281,6,4,0
8020,3678000,2,0,4
8020,3698437,7,4,0x80220200,,0,0x1202f,3,2
8020,3725390,6,4,0
8020,3821484,2,0,4
8020,3841281,6,4,0
8020,3863046,2,0,4
8020,3882968,6,4,0
8020,3896671,2,0,4
8020,3917125,7,4,0x80220200,,0,0x1202f,3,2
8020,3944093,6,4,0
8020,4040984,2,0,4
8020,4060781,6,4,0
8020,4082546,2,0,4
8020,4102468,6,4,0
8020,4116187,2,0,4
8020,4136625,7,4,0x80220200,,0,0x1202f,3,2
8020,4163578,6,4,0
8020,4259671,2,0,4
8020,4279468,6,4,0
8020,4301218,2,0,4
8020,4321156,6,4,0
8020,4334875,2,0,4
8020,4355312,7,4,0x80220200,,0,0x1202f,3,2
8020,4382265,6,4,0
8020,4510515,2,0,4
8020,4532781,6,4,0
8020,4617781,2,0,4
8020,4640062,7,4,0x80220200,,0,0x1202f,3,2
8020,4667031,6,4,0
8020,4763859,2,0,4
8020,4786156,6,4,0
8020,4846703,2,0,4
8020,4869000,7,4,0x80220200,,0,0x1202f,3,2
8020,4895953,6,4,0
8020,5017234,2,0,4
8020,5039531,6,4,0
8020,5117359,2,0,4
8020,5139687,7,4,0x80220200,,0,0x1202f,3,2
8020,5166640,6,4,0
8020,5263546,2,0,4
8020,5285843,6,4,0
8020,5346421,2,0,4
8020,5368750,7,4,0x80220200,,0,0x1202f,3,2
8020,5395718,6,4,0
8020,5519859,2,0,4
8020,5542156,6,4,0
8020,5622140,2,0,4
8020,5644437,7,4,0x80220200,,0,0x1202f,3,2
8020,5671390,6,4,0
8020,5781296,2,0,4
8020,5803593,6,4,0
8020,5864171,2,0,4
8020,5886500,7,4,0x80220200,,0,0x1202f,3,2
8020,5913468,6,4,0
8020,6022515,2,0,4
8020,6044781,6,4,0
8020,6127625,2,0,4
8020,6149937,7,4,0x80220200,,0,0x1202f,3,2
8020,6176906,6,4,0
8020,6273734,2,0,4
8020,6296031,6,4,0
8020,6356593,2,0,4
8020,6378937,7,4,0x80220200,,0,0x1202f,3,2
8020,6405890,6,4,0
8020,6527234,2,0,4
8020,6549531,6,4,0
8020,6627359,2,0,4
8020,6649687,7,4,0x80220200,,0,0x1202f,3,2
8020,6676640,6,4,0
8020,6773484,2,0,4
8020,6795781,6,4,0
8020,6856359,2,0,4
8020,6878687,7,4,0x80220200,,0,0x1202f,3,2
8020,6905656,6,4,0
8020,7030734,2,0,4
8020,7050531,6,4,0
8020,7072296,2,0,4
8020,7092218,6,4,0
8020,7105921,2,0,4
8020,7126375,7,4,0x80220200,,0,0x1202f,3,2
8020,7153343,6,4,0
8020,7249421,2,0,4
8020,7269218,6,4,0
8020,7290984,2,0,4
8020,7310906,6,4,0
8020,7324625,2,0,4
8020,7345062,7,4,0x80220200,,0,0x1202f,3,2
8020,7372015,6,4,0
8020,7468921,2,0,4
8020,7488718,6,4,0
8020,7510468,2,0,4
8020,7530406,6,4,0
8020,7544125,2,0,4
8020,7564562,7,4,0x80220200,,0,0x1202f,3,2
8020,7591515,6,4,0
8020,7687609,2,0,4
8020,7707406,6,4,0
8020,7729171,2,0,4
8020,7749093,6,4,0
8020,7762796,2,0,4
8020,7783250,7,4,0x80220200,,0,0x1202f,3,2
8020,7810218,6,4,0
8020,7938453,2,0,4
8020,7960718,6,4,0
8020,8040687,2,0,4
8020,8063000,7,4,0x80220200,,0,0x1202f,3,2
8020,8089937,6,4,0
8020,8186734,2,0,4
8020,8209031,6,4,0
8020,8269593,2,0,4
8020,8291875,7,4,0x80220200,,0,0x1202f,3,2
8020,8318843,6,4,0
8020,8440109,2,0,4
8020,8462406,6,4,0
8020,8545250,2,0,4
8020,8567562,7,4,0x80220200,,0,0x1202f,3,2
8020,8594531,6,4,0
8020,8691421,2,0,4
8020,8713718,6,4,0
8020,8774312,2,0,4
8020,8796625,7,4,0x80220200,,0,0x1202f,3,2
8020,8823593,6,4,0
8020,8942703,2,0,4
8020,8964968,6,4,0
8020,9050000,2,0,4
8020,9072312,7,4,0x80220200,,0,0x1202f,3,2
8020,9099281,6,4,0
8020,9209171,2,0,4
8020,9231468,6,4,0
8020,9292062,2,0,4
8020,9314375,7,4,0x80220200,,0,0x1202f,3,2
8020,9341343,6,4,0
8020,9448234,2,0,4
8020,9470531,6,4,0
8020,9552671,2,0,4
8020,9575000,7,4,0x80220200,,0,0x1202f,3,2
8020,9601968,6,4,0
8020,9698796,2,0,4
8020,9721093,6,4,0
8020,9781671,2,0,4
8020,9804000,7,4,0x80220200,,0,0x1202f,3,2
8020,9830984,6,4,0
8020,9950140,2,0,4
8020,9972468,6,4,0
8030,57015,2,0,4
8030,79312,7,4,0x80220200,,0,0x1202f,3,2
8030,106250,6,4,0
8030,203046,2,0,4
8030,225281,6,4,0
8030,285890,2,0,4
8030,308187,7,4,0x80220200,,0,0x1202f,3,2
8030,335140,6,4,0
8030,455203,2,0,4
8030,474968,6,4,0
8030,496671,2,0,4
8030,516593,6,4,0
8030,530296,2,0,4
8030,550687,7,4,0x80220200,,0,0x1202f,3,2
8030,577640,6,4,0
8030,673734,2,0,4
8030,693531,6,4,0
8030,715296,2,0,4
8030,735218,6,4,0
8030,748921,2,0,4
8030,769375,7,4,0x80220200,,0,0x1202f,3,2
8030,796343,6,4,0
8030,893234,2,0,4
8030,913031,6,4,0
8030,934796,2,0,4
8030,954718,6,4,0
8030,968437,2,0,4
8030,988875,7,4,0x80220200,,0,0x1202f,3,2
8030,1015828,6,4,0
8030,1111921,2,0,4
8030,1131718,6,4,0
8030,1153468,2,0,4
8030,1173406,6,4,0
8030,1187125,2,0,4
8030,1207562,7,4,0x80220200,,0,0x1202f,3,2
8030,1234515,6,4,0
8030,1362765,2,0,4
8030,1385031,6,4,0
8030,1467203,2,0,4
8030,1489500,7,4,0x80220200,,0,0x1202f,3,2
8030,1516468,6,4,0
8030,1613296,2,0,4
8030,1635593,6,4,0
8030,1696171,2,0,4
8030,1718500,7,4,0x80220200,,0,0x1202f,3,2
8030,1745453,6,4,0
8030,1866734,2,0,4
8030,1889031,6,4,0
8030,1969015,2,0,4
8030,1991312,7,4,0x80220200,,0,0x1202f,3,2
8030,2018265,6,4,0
8030,2115171,2,0,4
8030,2137468,6,4,0
8030,2198046,2,0,4
8030,2220375,7,4,0x80220200,,0,0x1202f,3,2
8030,2247343,6,4,0
8030,2368609,2,0,4
8030,2390906,6,4,0
8030,2470890,2,0,4
8030,2493187,7,4,0x80220200,,0,0x1202f,3,2
8030,2520140,6,4,0
8030,2630046,2,0,4
8030,2652343,6,4,0
8030,2712906,2,0,4
8030,2735187,7,4,0x80220200,,0,0x1202f,3,2
8030,2762156,6,4,0
8030,2871203,2,0,4
8030,2893468,6,4,0
8030,2973453,2,0,4
8030,2995750,7,4,0x80220200,,0,0x1202f,3,2
8030,3022718,6,4,0
8030,3119546,2,0,4
8030,3141843,6,4,0
8030,3202421,2,0,4
8030,3224750,7,4,0x80220200,,0,0x1202f,3,2
8030,3251703,6,4,0
8030,3378078,2,0,4
8030,3400343,6,4,0
8030,3480328,2,0,4
8030,3502625,7,4,0x80220200,,0,0x1202f,3,2
8030,3529578,6,4,0
8030,3626421,2,0,4
8030,3648718,6,4,0
8030,3709296,2,0,4
8030,3731625,7,4,0x80220200,,0,0x1202f,3,2
8030,3758593,6,4,0
8030,3881515,2,0,4
8030,3901281,6,4,0
8030,3923046,2,0,4
8030,3942968,6,4,0
8030,3956671,2,0,4
8030,3977125,7,4,0x80220200,,0,0x1202f,3,2
8030,4004093,6,4,0
8030,4100171,2,0,4
8030,4119968,6,4,0
8030,4141734,2,0,4
8030,4161656,6,4,0
8030,4175359,2,0,4
8030,4195812,7,4,0x80220200,,0,0x1202f,3,2
8030,4222750,6,4,0
8030,4319609,2,0,4
8030,4339406,6,4,0
8030,4361156,2,0,4
8030,4381093,6,4,0
8030,4394812,2,0,4
8030,4415250,7,4,0x80220200,,0,0x1202f,3,2
8030,4442203,6,4,0
8030,4538296,2,0,4
8030,4558093,6,4,0
8030,4579859,2,0,4
8030,4599781,6,4,0
8030,4613484,2,0,4
8030,4633937,7,4,0x80220200,,0,0x1202f,3,2
8030,4660906,6,4,0
8030,4786328,2,0,4
8030,4808593,6,4,0
8030,4891406,2,0,4
8030,4913750,7,4,0x80220200,,0,0x1202f,3,2
8030,4940718,6,4,0
8030,5037546,2,0,4
8030,5059843,6,4,0
8030,5120406,2,0,4
8030,5142687,7,4,0x80220200,,0,0x1202f,3,2
8030,5169640,6,4,0
8030,5290921,2,0,4
8030,5313218,6,4,0
8030,5391031,2,0,4
8030,5413312,7,4,0x80220200,,0,0x1202f,3,2
8030,5440281,6,4,0
8030,5537171,2,0,4
8030,5559468,6,4,0
8030,5620046,2,0,4
8030,5642375,7,4,0x80220200,,0,0x1202f,3,2
8030,5669328,6,4,0
8030,5795640,2,0,4
8030,5817906,6,4,0
8030,5895734,2,0,4
8030,5918062,7,4,0x80220200,,0,0x1202f,3,2
8030,5945015,6,4,0
8030,6054921,2,0,4
8030,6077218,6,4,0
8030,6137796,2,0,4
8030,6160125,7,4,0x80220200,,0,0x1202f,3,2
8030,6187093,6,4,0
8030,6296140,2,0,4
8030,6318406,6,4,0
8030,6403406,2,0,4
8030,6425750,7,4,0x80220200,,0,0x1202f,3,2
8030,6452703,6,4,0
8030,6549546,2,0,4
8030,6571843,6,4,0
8030,6632406,2,0,4
8030,6654687,7,4,0x80220200,,0,0x1202f,3,2
8030,6681656,6,4,0
8030,6802984,2,0,4
8030,6825281,6,4,0
8030,6903093,2,0,4
8030,6925375,7,4,0x80220200,,0,0x1202f,3,2
8030,6952343,6,4,0
8030,7049171,2,0,4
8030,7071468,6,4,0
8030,7132046,2,0,4
8030,7154375,7,4,0x80220200,,0,0x1202f,3,2
8030,7181328,6,4,0
8030,7306421,2,0,4
8030,7326218,6,4,0
8030,7347984,2,0,4
8030,7367906,6,4,0
8030,7381609,2,0,4
8030,7402062,7,4,0x80220200,,0,0x1202f,3,2
8030,7429031,6,4,0
8030,7525109,2,0,4
8030,7544906,6,4,0
8030,7566656,2,0,4
8030,7586531,6,4,0
8030,7600250,2,0,4
8030,7620687,7,4,0x80220200,,0,0x1202f,3,2
8030,7647640,6,4,0
8030,7744546,2,0,4
8030,7764343,6,4,0
8030,7786093,2,0,4
8030,7806031,6,4,0
8030,7819734,2,0,4
8030,7840187,7,4,0x80220200,,0,0x1202f,3,2
8030,7867156,6,4,0
8030,7963234,2,0,4
8030,7983031,6,4,0
8030,8004796,2,0,4
8030,8024718,6,4,0
8030,8038421,2,0,4
8030,8058875,7,4,0x80220200,,0,0x1202f,3,2
8030,8085843,6,4,0
8030,8211265,2,0,4
8030,8233531,6,4,0
8030,8314203,2,0,4
8030,8336500,7,4,0x80220200,,0,0x1202f,3,2
8030,8363453,6,4,0
8030,8460296,2,0,4
8030,8482593,6,4,0
8030,8543156,2,0,4
8030,8565437,7,4,0x80220200,,0,0x1202f,3,2
8030,8592406,6,4,0
8030,8716546,2,0,4
8030,8738843,6,4,0
8030,8820984,2,0,4
8030,8843312,7,4,0x80220200,,0,0x1202f,3,2
8030,8870296,6,4,0
8030,8967171,2,0,4
8030,8989468,6,4,0
8030,9050046,2,0,4
8030,9072375,7,4,0x80220200,,0,0x1202f,3,2
8030,9099343,6,4,0
8030,9220609,2,0,4
8030,9242906,6,4,0
8030,9320734,2,0,4
8030,9343062,7,4,0x80220200,,0,0x1202f,3,2
8030,9370046,6,4,0
8030,9479984,2,0,4
8030,9502281,6,4,0
8030,9562875,2,0,4
8030,9585187,7,4,0x80220200,,0,0x1202f,3,2
8030,9612156,6,4,0
8030,9724078,2,0,4
8030,9746343,6,4,0
8030,9823468,2,0,4
8030,9845812,7,4,0x80220200,,0,0x1202f,3,2
8030,9872781,6,4,0
8030,9969609,2,0,4
8030,9991906,6,4,0
8040,52734,2,0,4
8040,75062,7,4,0x80220200,,0,0x1202f,3,2
8040,102000,6,4,0
8040,223296,2,0,4
8040,245531,6,4,0
8040,330531,2,0,4
8040,352812,7,4,0x80220200,,0,0x1202f,3,2
8040,379750,6,4,0
8040,476546,2,0,4
8040,498781,6,4,0
8040,559390,2,0,4
8040,581687,7,4,0x80220200,,0,0x1202f,3,2
8040,608656,6,4,0
8040,731578,2,0,4
8040,751343,6,4,0
8040,773093,2,0,4
8040,793031,6,4,0
8040,806734,2,0,4
8040,827187,7,4,0x80220200,,0,0x1202f,3,2
8040,854156,6,4,0
8040,950234,2,0,4
8040,970031,6,4,0
8040,991796,2,0,4
8040,1011718,6,4,0
8040,1025421,2,0,4
8040,1045875,7,4,0x80220200,,0,0x1202f,3,2
8040,1072843,6,4,0
8040,1169734,2,0,4
8040,1189531,6,4,0
8040,1211281,2,0,4
8040,1231156,6,4,0
8040,1244875,2,0,4
8040,1265312,7,4,0x80220200,,0,0x1202f,3,2
8040,1292265,6,4,0
8040,1388359,2,0,4
8040,1408156,6,4,0
8040,1429906,2,0,4
8040,1449843,6,4,0
8040,1463546,2,0,4
8040,1484000,7,4,0x80220200,,0,0x1202f,3,2
8040,1510968,6,4,0
8040,1636390,2,0,4
8040,1658656,6,4,0
8040,1739312,2,0,4
8040,1761625,7,4,0x80220200,,0,0x1202f,3,2
8040,1788593,6,4,0
8040,1885421,2,0,4
8040,1907718,6,4,0
8040,1968281,2,0,4
8040,1990562,7,4,0x80220200,,0,0x1202f,3,2
8040,2017515,6,4,0
8040,2141671,2,0,4
8040,2163968,6,4,0
8040,2243921,2,0,4
8040,2266250,7,4,0x80220200,,0,0x1202f,3,2
8040,2293218,6,4,0
8040,2390109,2,0,4
8040,2412406,6,4,0
8040,2472984,2,0,4
8040,2495312,7,4,0x80220200,,0,0x1202f,3,2
8040,2522265,6,4,0
8040,2643546,2,0,4
8040,2665843,6,4,0
8040,2748703,2,0,4
8040,2771000,7,4,0x80220200,,0,0x1202f,3,2
8040,2797953,6,4,0
8040,2907859,2,0,4
8040,2930156,6,4,0
8040,2990734,2,0,4
8040,3013062,7,4,0x80220200,,0,0x1202f,3,2
8040,3040031,6,4,0
8040,3144078,2,0,4
8040,3166343,6,4,0
8040,3251343,2,0,4
8040,3273687,7,4,0x80220200,,0,0x1202f,3,2
8040,3300656,6,4,0
8040,3397484,2,0,4
8040,3419781,6,4,0
8040,3480343,2,0,4
8040,3502625,7,4,0x80220200,,0,0x1202f,3,2
8040,3529578,6,4,0
8040,3650921,2,0,4
8040,3673218,6,4,0
8040,3756062,2,0,4
8040,3778375,7,4,0x80220200,,0,0x1202f,3,2
8040,3805343,6,4,0
8040,3902171,2,0,4
8040,3924468,6,4,0
8040,3985046,2,0,4
8040,4007375,7,4,0x80220200,,0,0x1202f,3,2
8040,4034328,6,4,0
8040,4154453,2,0,4
8040,4174218,6,4,0
8040,4195953,2,0,4
8040,4215843,6,4,0
8040,4229546,2,0,4
8040,4250000,7,4,0x80220200,,0,0x1202f,3,2
8040,4276968,6,4,0
8040,4373046,2,0,4
8040,4392843,6,4,0
8040,4414578,2,0,4
8040,4434468,6,4,0
8040,4448187,2,0,4
8040,4468625,7,4,0x80220200,,0,0x1202f,3,2
8040,4495578,6,4,0
8040,4592484,2,0,4
8040,4612281,6,4,0
8040,4634031,2,0,4
8040,4653968,6,4,0
8040,4667656,2,0,4
8040,4688062,7,4,0x80220200,,0,0x1202f,3,2
8040,4715031,6,4,0
8040,4811109,2,0,4
8040,4830906,6,4,0
8040,4852671,2,0,4
8040,4872593,6,4,0
8040,4886296,2,0,4
8040,4906750,7,4,0x80220200,,0,0x1202f,3,2
8040,4933718,6,4,0
8040,5061953,2,0,4
8040,5084218,6,4,0
8040,5164203,2,0,4
8040,5186500,7,4,0x80220200,,0,0x1202f,3,2
8040,5213453,6,4,0
8040,5310296,2,0,4
8040,5332531,6,4,0
8040,5393140,2,0,4
8040,5415437,7,4,0x80220200,,0,0x1202f,3,2
8040,5442406,6,4,0
8040,5563671,2,0,4
8040,5585968,6,4,0
8040,5670968,2,0,4
8040,5693312,7,4,0x80220200,,0,0x1202f,3,2
8040,5720281,6,4,0
8040,5817171,2,0,4
8040,5839468,6,4,0
8040,5900031,2,0,4
8040,5922312,7,4,0x80220200,,0,0x1202f,3,2
8040,5949265,6,4,0
8040,6070546,2,0,4
8040,6092843,6,4,0
8040,6172828,2,0,4
8040,6195125,7,4,0x80220200,,0,0x1202f,3,2
8040,6222093,6,4,0
8040,6331984,2,0,4
8040,6354281,6,4,0
8040,6414859,2,0,4
8040,6437187,7,4,0x80220200,,0,0x1202f,3,2
8040,6464140,6,4,0
8040,6571046,2,0,4
8040,6593343,6,4,0
8040,6678359,2,0,4
8040,6700687,7,4,0x80220200,,0,0x1202f,3,2
8040,6727640,6,4,0
8040,6824484,2,0,4
8040,6846781,6,4,0
8040,6907343,2,0,4
8040,6929625,7,4,0x80220200,,0,0x1202f,3,2
8040,6956593,6,4,0
8040,7077921,2,0,4
8040,7100156,6,4,0
8040,7180203,2,0,4
8040,7202500,7,4,0x80220200,,0,0x1202f,3,2
8040,7229468,6,4,0
8040,7326234,2,0,4
8040,7348531,6,4,0
8040,7409093,2,0,4
8040,7431375,7,4,0x80220200,,0,0x1202f,3,2
8040,7458328,6,4,0
8040,7581265,2,0,4
8040,7601031,6,4,0
8040,7622796,2,0,4
8040,7642718,6,4,0
8040,7656437,2,0,4
8040,7676875,7,4,0x80220200,,0,0x1202f,3,2
8040,7703828,6,4,0
8040,7799921,2,0,4
8040,7819656,6,4,0
8040,7841406,2,0,4
8040,7861343,6,4,0
8040,7875062,2,0,4
8040,7895500,7,4,0x80220200,,0,0x1202f,3,2
8040,7922453,6,4,0
8040,8019359,2,0,4
8040,8039156,6,4,0
8040,8060921,2,0,4
8040,8080843,6,4,0
8040,8094546,2,0,4
8040,8115000,7,4,0x80220200,,0,0x1202f,3,2
8040,8141968,6,4,0
8040,8238046,2,0,4
8040,8257843,6,4,0
8040,8279578,2,0,4
8040,8299468,6,4,0
8040,8313187,2,0,4
8040,8333625,7,4,0x80220200,,0,0x1202f,3,2
8040,8360578,6,4,0
8040,8486015,2,0,4
8040,8508281,6,4,0
8040,8588953,2,0,4
8040,8611250,7,4,0x80220200,,0,0x1202f,3,2
8040,8638218,6,4,0
8040,8735046,2,0,4
8040,8757343,6,4,0
8040,8817937,2,0,4
8040,8840250,7,4,0x80220200,,0,0x1202f,3,2
8040,8867234,6,4,0
8040,8988484,2,0,4
8040,9010781,6,4,0
8040,9095796,2,0,4
8040,9118125,7,4,0x80220200,,0,0x1202f,3,2
8040,9145093,6,4,0
8040,9241984,2,0,4
8040,9264281,6,4,0
8040,9324859,2,0,4
8040,9347187,7,4,0x80220200,,0,0x1202f,3,2
8040,9374171,6,4,0
8040,9493265,2,0,4
8040,9515593,6,4,0
8040,9595578,2,0,4
8040,9617875,7,4,0x80220200,,0,0x1202f,3,2
8040,9644859,6,4,0
8040,9754734,2,0,4
8040,9777031,6,4,0
8040,9837609,2,0,4
8040,9859937,7,4,0x80220200,,0,0x1202f,3,2
8040,9886906,6,4,0
8040,9998828,2,0,4
8050,27156,6,4,0
8050,103484,2,0,4
8050,125812,7,4,0x80220200,,0,0x1202f,3,2
8050,152765,6,4,0
8050,249546,2,0,4
8050,271843,6,4,0
8050,332390,2,0,4
8050,354687,7,4,0x80220200,,0,0x1202f,3,2
8050,381625,6,4,0
8050,502921,2,0,4
8050,525218,6,4,0
8050,603000,2,0,4
8050,625312,7,4,0x80220200,,0,0x1202f,3,2
8050,652281,6,4,0
8050,749109,2,0,4
8050,771406,6,4,0
8050,831984,2,0,4
8050,854312,7,4,0x80220200,,0,0x1202f,3,2
8050,881265,6,4,0
8050,1001390,2,0,4
8050,1021156,6,4,0
8050,1042890,2,0,4
8050,1062781,6,4,0
8050,1076484,2,0,4
8050,1096937,7,4,0x80220200,,0,0x1202f,3,2
8050,1123906,6,4,0
8050,1219984,2,0,4
8050,1239781,6,4,0
8050,1261546,2,0,4
8050,1281468,6,4,0
8050,1295187,2,0,4
8050,1315625,7,4,0x80220200,,0,0x1202f,3,2
8050,1342578,6,4,0
8050,1439484,2,0,4
8050,1459281,6,4,0
8050,1481031,2,0,4
8050,1500968,6,4,0
8050,1514687,2,0,4
8050,1535125,7,4,0x80220200,,0,0x1202f,3,2
8050,1562078,6,4,0
8050,1658171,2,0,4
8050,1677968,6,4,0
8050,1699734,2,0,4
8050,1719656,6,4,0
8050,1733359,2,0,4
8050,1753812,7,4,0x80220200,,0,0x1202f,3,2
8050,1780781,6,4,0
8050,1911171,2,0,4
8050,1933468,6,4,0
8050,2013453,2,0,4
8050,2035750,7,4,0x80220200,,0,0x1202f,3,2
8050,2062703,6,4,0
8050,2159546,2,0,4
8050,2181843,6,4,0
8050,2242406,2,0,4
8050,2264687,7,4,0x80220200,,0,0x1202f,3,2
8050,2291656,6,4,0
8050,2415796,2,0,4
8050,2438093,6,4,0
8050,2520218,2,0,4
8050,2542500,7,4,0x80220200,,0,0x1202f,3,2
8050,2569468,6,4,0
8050,2666359,2,0,4
8050,2688656,6,4,0
8050,2749203,2,0,4
8050,2771500,7,4,0x80220200,,0,0x1202f,3,2
8050,2798453,6,4,0
8050,2919734,2,0,4
8050,2942031,6,4,0
8050,3019859,2,0,4
8050,3042187,7,4,0x80220200,,0,0x1202f,3,2
8050,3069140,6,4,0
8050,3179046,2,0,4
8050,3201343,6,4,0
8050,3261921,2,0,4
8050,3284250,7,4,0x80220200,,0,0x1202f,3,2
8050,3311203,6,4,0
8050,3423140,2,0,4
8050,3445406,6,4,0
8050,3525390,2,0,4
8050,3547687,7,4,0x80220200,,0,0x1202f,3,2
8050,3574640,6,4,0
8050,3671484,2,0,4
8050,3693718,6,4,0
8050,3754328,2,0,4
8050,3776625,7,4,0x80220200,,0,0x1202f,3,2
8050,3803593,6,4,0
8050,3927796,2,0,4
8050,3950093,6,4,0
8050,4030062,2,0,4
8050,4052375,7,4,0x80220200,,0,0x1202f,3,2
8050,4079343,6,4,0
8050,4176171,2,0,4
8050,4198468,6,4,0
8050,4259031,2,0,4
8050,4281375,7,4,0x80220200,,0,0x1202f,3,2
8050,4308328,6,4,0
8050,4431265,2,0,4
8050,4451031,6,4,0
8050,4472796,2,0,4
8050,4492718,6,4,0
8050,4506437,2,0,4
8050,4526875,7,4,0x80220200,,0,0x1202f,3,2
8050,4553828,6,4,0
8050,4649921,2,0,4
8050,4669718,6,4,0
8050,4691468,2,0,4
8050,4711406,6,4,0
8050,4725125,2,0,4
8050,4745562,7,4,0x80220200,,0,0x1202f,3,2
8050,4772515,6,4,0
8050,4869421,2,0,4
8050,4889218,6,4,0
8050,4910984,2,0,4
8050,4930906,6,4,0
8050,4944609,2,0,4
8050,4965062,7,4,0x80220200,,0,0x1202f,3,2
8050,4992031,6,4,0
8050,5088109,2,0,4
8050,5107906,6,4,0
8050,5129671,2,0,4
8050,5149593,6,4,0
8050,5163312,2,0,4
8050,5183750,7,4,0x80220200,,0,0x1202f,3,2
8050,5210703,6,4,0
8050,5336140,2,0,4
8050,5358406,6,4,0
8050,5439078,2,0,4
8050,5461375,7,4,0x80220200,,0,0x1202f,3,2
8050,5488328,6,4,0
8050,5585171,2,0,4
8050,5607468,6,4,0
8050,5668046,2,0,4
8050,5690375,7,4,0x80220200,,0,0x1202f,3,2
8050,5717343,6,4,0
8050,5841484,2,0,4
8050,5863781,6,4,0
8050,5940890,2,0,4
8050,5963187,7,4,0x80220200,,0,0x1202f,3,2
8050,5990156,6,4,0
8050,6087046,2,0,4
8050,6109343,6,4,0
8050,6169906,2,0,4
8050,6192187,7,4,0x80220200,,0,0x1202f,3,2
8050,6219140,6,4,0
8050,6345453,2,0,4
8050,6367718,6,4,0
8050,6445531,2,0,4
8050,6467812,7,4,0x80220200,,0,0x1202f,3,2
8050,6494781,6,4,0
8050,6604671,2,0,4
8050,6626968,6,4,0
8050,6687531,2,0,4
8050,6709812,7,4,0x80220200,,0,0x1202f,3,2
8050,6736765,6,4,0
8050,6845828,2,0,4
8050,6868093,6,4,0
8050,6953109,2,0,4
8050,6975437,7,4,0x80220200,,0,0x1202f,3,2
8050,7002390,6,4,0
8050,7099234,2,0,4
8050,7121531,6,4,0
8050,7182109,2,0,4
8050,7204437,7,4,0x80220200,,0,0x1202f,3,2
8050,7231406,6,4,0
8050,7352734,2,0,4
8050,7375031,6,4,0
8050,7452859,2,0,4
8050,7475187,7,4,0x80220200,,0,0x1202f,3,2
8050,7502140,6,4,0
8050,7598984,2,0,4
8050,7621281,6,4,0
8050,7681843,2,0,4
8050,7704125,7,4,0x80220200,,0,0x1202f,3,2
8050,7731093,6,4,0
8050,7856171,2,0,4
8050,7875968,6,4,0
8050,7897718,2,0,4
8050,7917593,6,4,0
8050,7931312,2,0,4
8050,7951750,7,4,0x80220200,,0,0x1202f,3,2
8050,7978703,6,4,0
8050,8074796,2,0,4
8050,8094593,6,4,0
8050,8116359,2,0,4
8050,8136281,6,4,0
8050,8149984,2,0,4
8050,8170437,7,4,0x80220200,,0,0x1202f,3,2
8050,8197406,6,4,0
8050,8294296,2,0,4
8050,8314093,6,4,0
8050,8335859,2,0,4
8050,8355781,6,4,0
8050,8369484,2,0,4
8050,8389937,7,4,0x80220200,,0,0x1202f,3,2
8050,8416875,6,4,0
8050,8512921,2,0,4
8050,8532718,6,4,0
8050,8554468,2,0,4
8050,8574406,6,4,0
8050,8588125,2,0,4
8050,8608562,7,4,0x80220200,,0,0x1202f,3,2
8050,8635531,6,4,0
8050,8760953,2,0,4
8050,8783281,6,4,0
8050,8866093,2,0,4
8050,8888437,7,4,0x80220200,,0,0x1202f,3,2
8050,8915421,6,4,0
8050,9012234,2,0,4
8050,9034531,6,4,0
8050,9095125,2,0,4
8050,9117437,7,4,0x80220200,,0,0x1202f,3,2
8050,9144406,6,4,0
8050,9265671,2,0,4
8050,9287968,6,4,0
8050,9367968,2,0,4
8050,9390312,7,4,0x80220200,,0,0x1202f,3,2
8050,9417281,6,4,0
8050,9514171,2,0,4
8050,9536468,6,4,0
8050,9597062,2,0,4
8050,9619375,7,4,0x80220200,,0,0x1202f,3,2
8050,9646359,6,4,0
8050,9770484,2,0,4
8050,9792781,6,4,0
8050,9874921,2,0,4
8050,9897250,7,4,0x80220200,,0,0x1202f,3,2
8050,9924203,6,4,0
8060,34328,2,0,4
8060,56593,6,4,0
8060,117156,2,0,4
8060,139437,7,4,0x80220200,,0,0x1202f,3,2
8060,166375,6,4,0
8060,273234,2,0,4
8060,295468,6,4,0
8060,377640,2,0,4
8060,399937,7,4,0x80220200,,0,0x1202f,3,2
8060,426875,6,4,0
8060,523671,2,0,4
8060,545968,6,4,0
8060,606531,2,0,4
8060,628812,7,4,0x80220200,,0,0x1202f,3,2
8060,655781,6,4,0
8060,777109,2,0,4
8060,799406,6,4,0
8060,877218,2,0,4
8060,899500,7,4,0x80220200,,0,0x1202f,3,2
8060,926468,6,4,0
8060,1023296,2,0,4
8060,1045593,6,4,0
8060,1106171,2,0,4
8060,1128500,7,4,0x80220200,,0,0x1202f,3,2
8060,1155453,6,4,0
8060,1280546,2,0,4
8060,1300343,6,4,0
8060,1322109,2,0,4
----
