

microT-Kernel Version 3.00

Task Tracer 1.00
Copyright (C) 2010-2022 Personal Media Corporation
A:   Server
B:   Vehicle
A+B: Test
Selected: Vehicle
Departure Time: 3000
Left intersection, flag set to 1
Reached next intersection, stopping tracking
(Required Time: 1329 ms)
Addtional waiting time: 671 ms
Left intersection, flag set to 1
Reached next intersection, stopping tracking
(Required Time: 2628 ms)
Addtional waiting time: 1372 ms
Start Left Turn
Left the line
New line found, stopping rotation
(Required Time: 853 ms)
Addtional waiting time: 2147 ms
Left intersection, flag set to 1
Reached next intersection, stopping tracking
(Required Time: 2343 ms)
Addtional waiting time: 1657 ms
Left intersection, flag set to 1
Reached next intersection, stopping tracking
(Required Time: 2857 ms)
Addtional waiting time: 1143 ms
åƒÇ—Ç‹Å[Ç∑
Start Left Turn
Left the line
New line found, stopping rotation
(Required Time: 639 ms)
Addtional waiting time: 2361 ms
Left intersection, flag set to 1
Reached next intersection, stopping tracking
(Required Time: 2335 ms)
Addtional waiting time: 1665 ms
Start Left Turn
Left the line
New line found, stopping rotation
(Required Time: 853 ms)
Addtional waiting time: 2147 ms
Left intersection, flag set to 1
Reached next intersection, stopping tracking
(Required Time: 2093 ms)
Addtional waiting time: 1907 ms
Left intersection, flag set to 1
Reached next intersection, stopping tracking
(Required Time: 2608 ms)
Addtional waiting time: 1392 ms
finish driving
----
2,2,4,2026,1
0,2,0,0x547874,2,0x11585
0,3,0,0x547874,2,0x11585
1,1,0x11499
1,3,0x11fb9
1,4,0x11fb9
1,10,0xece9
5380,165609,2,0,4
5380,185406,6,4,0
5380,207156,2,0,4
5380,227031,6,4,0
5380,240718,2,0,4
5380,261125,7,4,0x80220200,,0,0x1202f,3,2
5380,288078,6,4,0
5380,384109,2,0,4
5380,403906,6,4,0
5380,425640,2,0,4
5380,445531,6,4,0
5380,459234,2,0,4
5380,479625,7,4,0x80220200,,0,0x1202f,3,2
5380,506562,6,4,0
5400,2009015,1,0,2,0
5400,2024562,3,2,0x80370200,,0,0x115a7,1,0x2001b580
5400,2304750,2,2,1
5400,2317937,6,1,2
5400,2332140,4,2,0x80130100,,0x1168f,10
5400,2368531,1,2,0,4
5410,5666281,2,0,1
5410,5682000,7,1,0x80060100,,0,0x114d3,2
5410,5866187,6,1,0
8410,144734,2,0,4
8410,166968,6,4,0
8410,227578,2,0,4
8410,249875,7,4,0x80220200,,0,0x1202f,3,2
8410,276828,6,4,0
8410,383671,2,0,4
8410,405968,6,4,0
8410,488078,2,0,4
8410,510375,7,4,0x80220200,,0,0x1202f,3,2
8410,537328,6,4,0
8410,634171,2,0,4
8410,656468,6,4,0
8410,717015,2,0,4
8410,739312,7,4,0x80220200,,0,0x1202f,3,2
8410,766265,6,4,0
8410,885453,2,0,4
8410,907718,6,4,0
8410,989890,2,0,4
8410,1012187,7,4,0x80220200,,0,0x1202f,3,2
8410,1039140,6,4,0
8410,1135984,2,0,4
8410,1158281,6,4,0
8410,1218859,2,0,4
8410,1241187,7,4,0x80220200,,0,0x1202f,3,2
8410,1268156,6,4,0
8410,4329671,2,0,4
8410,4351968,6,4,0
8410,4422593,2,0,4
8410,4444875,7,4,0x80220200,,0,0x1202f,3,2
8410,4471843,6,4,0
8410,4568671,2,0,4
8410,4590968,6,4,0
8410,4651531,2,0,4
8410,4673875,7,4,0x80220200,,0,0x1202f,3,2
8410,4700828,6,4,0
8410,4817140,2,0,4
8410,4839406,6,4,0
8410,4920078,2,0,4
8410,4942375,7,4,0x80220200,,0,0x1202f,3,2
8410,4969328,6,4,0
8410,5066234,2,0,4
8410,5088531,6,4,0
8410,5149109,2,0,4
8410,5171437,7,4,0x80220200,,0,0x1202f,3,2
8410,5198406,6,4,0
8410,5317515,2,0,4
8410,5339781,6,4,0
8410,5421953,2,0,4
8410,5444250,7,4,0x80220200,,0,0x1202f,3,2
8410,5471203,6,4,0
8410,5571859,2,0,4
8410,5591593,6,4,0
8410,5613343,2,0,4
8410,5633281,6,4,0
8410,5647000,2,0,4
8410,5667437,7,4,0x80220200,,0,0x1202f,3,2
8410,5694390,6,4,0
8410,5822109,2,0,4
8410,5841906,6,4,0
8410,5863656,2,0,4
8410,5883531,6,4,0
8410,5897250,2,0,4
8410,5917687,7,4,0x80220200,,0,0x1202f,3,2
8410,5944640,6,4,0
8410,6041546,2,0,4
8410,6061343,6,4,0
8410,6083093,2,0,4
8410,6103031,6,4,0
8410,6116734,2,0,4
8410,6137187,7,4,0x80220200,,0,0x1202f,3,2
8410,6164156,6,4,0
8410,6260234,2,0,4
8410,6280031,6,4,0
8410,6301796,2,0,4
8410,6321718,6,4,0
8410,6335421,2,0,4
8410,6355875,7,4,0x80220200,,0,0x1202f,3,2
8410,6382843,6,4,0
8410,6488796,2,0,4
8410,6511031,6,4,0
8410,6571640,2,0,4
8410,6593937,7,4,0x80220200,,0,0x1202f,3,2
8410,6620906,6,4,0
8410,6729953,2,0,4
8410,6752218,6,4,0
8410,6832203,2,0,4
8410,6854500,7,4,0x80220200,,0,0x1202f,3,2
8410,6881468,6,4,0
8410,6978296,2,0,4
8410,7000593,6,4,0
8410,7061171,2,0,4
8410,7083500,7,4,0x80220200,,0,0x1202f,3,2
8410,7110453,6,4,0
8410,7234671,2,0,4
8410,7256968,6,4,0
8410,7339109,2,0,4
8410,7361437,7,4,0x80220200,,0,0x1202f,3,2
8410,7388390,6,4,0
8410,7485234,2,0,4
8410,7507531,6,4,0
8410,7568109,2,0,4
8410,7590437,7,4,0x80220200,,0,0x1202f,3,2
8410,7617406,6,4,0
8410,7737296,2,0,4
8410,7759593,6,4,0
8410,7839562,2,0,4
8410,7861875,7,4,0x80220200,,0,0x1202f,3,2
8410,7888843,6,4,0
8410,7985671,2,0,4
8410,8007968,6,4,0
8410,8068531,2,0,4
8410,8090812,7,4,0x80220200,,0,0x1202f,3,2
8410,8117765,6,4,0
8410,8241921,2,0,4
8410,8264218,6,4,0
8410,8341328,2,0,4
8410,8363625,7,4,0x80220200,,0,0x1202f,3,2
8410,8390593,6,4,0
8410,8487484,2,0,4
8410,8509781,6,4,0
8410,8570359,2,0,4
8410,8592687,7,4,0x80220200,,0,0x1202f,3,2
8410,8619656,6,4,0
8410,8745953,2,0,4
8410,8768218,6,4,0
8410,8848218,2,0,4
8410,8870500,7,4,0x80220200,,0,0x1202f,3,2
8410,8897468,6,4,0
8410,8998109,2,0,4
8410,9017906,6,4,0
8410,9039687,2,0,4
8410,9059593,6,4,0
8410,9073312,2,0,4
8410,9093750,7,4,0x80220200,,0,0x1202f,3,2
8410,9120734,6,4,0
8410,9248421,2,0,4
8410,9268218,6,4,0
8410,9289984,2,0,4
8410,9309906,6,4,0
8410,9323625,2,0,4
8410,9344062,7,4,0x80220200,,0,0x1202f,3,2
8410,9371046,6,4,0
8410,9467984,2,0,4
8410,9487781,6,4,0
8410,9509562,2,0,4
8410,9529468,6,4,0
8410,9543187,2,0,4
8410,9563625,7,4,0x80220200,,0,0x1202f,3,2
8410,9590609,6,4,0
8410,9686671,2,0,4
8410,9706468,6,4,0
8410,9728234,2,0,4
8410,9748156,6,4,0
8410,9761890,2,0,4
8410,9782375,7,4,0x80220200,,0,0x1202f,3,2
8410,9809343,6,4,0
8410,9915296,2,0,4
8410,9937593,6,4,0
8410,9998187,2,0,4
8420,26562,7,4,0x80220200,,0,0x1202f,3,2
8420,53468,6,4,0
8420,153171,2,0,4
8420,175406,6,4,0
8420,260406,2,0,4
8420,282687,7,4,0x80220200,,0,0x1202f,3,2
8420,309625,6,4,0
8420,406421,2,0,4
8420,428656,6,4,0
8420,489265,2,0,4
8420,511562,7,4,0x80220200,,0,0x1202f,3,2
8420,538515,6,4,0
8420,654890,2,0,4
8420,677156,6,4,0
8420,759968,2,0,4
8420,782312,7,4,0x80220200,,0,0x1202f,3,2
8420,809281,6,4,0
8420,906109,2,0,4
8420,928406,6,4,0
8420,988968,2,0,4
8420,1011250,7,4,0x80220200,,0,0x1202f,3,2
8420,1038203,6,4,0
8420,1163203,2,0,4
8420,1185468,6,4,0
8420,1262578,2,0,4
8420,1284875,7,4,0x80220200,,0,0x1202f,3,2
8420,1311843,6,4,0
8420,1408671,2,0,4
8420,1430968,6,4,0
8420,1491546,2,0,4
8420,1513875,7,4,0x80220200,,0,0x1202f,3,2
8420,1540828,6,4,0
8420,1662109,2,0,4
8420,1684406,6,4,0
8420,1769421,2,0,4
8420,1791750,7,4,0x80220200,,0,0x1202f,3,2
8420,1818703,6,4,0
8420,1915609,2,0,4
8420,1937906,6,4,0
8420,1998484,2,0,4
8420,2020812,7,4,0x80220200,,0,0x1202f,3,2
8420,2047781,6,4,0
8420,2166890,2,0,4
8420,2189156,6,4,0
8420,2274156,2,0,4
8420,2296500,7,4,0x80220200,,0,0x1202f,3,2
8420,2323453,6,4,0
8420,2424109,2,0,4
8420,2443906,6,4,0
8420,2465656,2,0,4
8420,2485593,6,4,0
8420,2499312,2,0,4
8420,2519750,7,4,0x80220200,,0,0x1202f,3,2
8420,2546703,6,4,0
8420,2670109,2,0,4
8420,2689906,6,4,0
8420,2713812,2,0,4
8420,2733718,6,4,0
8420,2747437,2,0,4
8420,2767875,7,4,0x80220200,,0,0x1202f,3,2
8420,2794828,6,4,0
8420,2891734,2,0,4
8420,2911531,6,4,0
8420,2933281,2,0,4
8420,2953218,6,4,0
8420,2966921,2,0,4
8420,2987375,7,4,0x80220200,,0,0x1202f,3,2
8420,3014343,6,4,0
8420,3110421,2,0,4
8420,3130218,6,4,0
8420,3151984,2,0,4
8420,3171906,6,4,0
8420,3185609,2,0,4
8420,3206062,7,4,0x80220200,,0,0x1202f,3,2
8420,3233031,6,4,0
8420,3338984,2,0,4
8420,3361281,6,4,0
8420,3421843,2,0,4
8420,3444125,7,4,0x80220200,,0,0x1202f,3,2
8420,3471093,6,4,0
8420,3580140,2,0,4
8420,3602406,6,4,0
8420,3682390,2,0,4
8420,3704687,7,4,0x80220200,,0,0x1202f,3,2
8420,3731656,6,4,0
8420,3828484,2,0,4
8420,3850781,6,4,0
8420,3911359,2,0,4
8420,3933687,7,4,0x80220200,,0,0x1202f,3,2
8420,3960625,6,4,0
8420,4081921,2,0,4
8420,4104218,6,4,0
8420,4187078,2,0,4
8420,4209375,7,4,0x80220200,,0,0x1202f,3,2
8420,4236328,6,4,0
8420,4333171,2,0,4
8420,4355468,6,4,0
8420,4416031,2,0,4
8420,4438312,7,4,0x80220200,,0,0x1202f,3,2
8420,4465281,6,4,0
8420,4587390,2,0,4
8420,4609656,6,4,0
8420,4687468,2,0,4
8420,4709812,7,4,0x80220200,,0,0x1202f,3,2
8420,4736781,6,4,0
8420,4833609,2,0,4
8420,4855906,6,4,0
8420,4916468,2,0,4
8420,4938750,7,4,0x80220200,,0,0x1202f,3,2
8420,4965703,6,4,0
8420,5089859,2,0,4
8420,5112156,6,4,0
8420,5192109,2,0,4
8420,5214437,7,4,0x80220200,,0,0x1202f,3,2
8420,5241406,6,4,0
8420,5338296,2,0,4
8420,5360593,6,4,0
8420,5421171,2,0,4
8420,5443500,7,4,0x80220200,,0,0x1202f,3,2
8420,5470453,6,4,0
8420,5594609,2,0,4
8420,5616906,6,4,0
8420,5694015,2,0,4
8420,5716312,7,4,0x80220200,,0,0x1202f,3,2
8420,5743265,6,4,0
8420,5843921,2,0,4
8420,5863718,6,4,0
8420,5885468,2,0,4
8420,5905406,6,4,0
8420,5919109,2,0,4
8420,5939562,7,4,0x80220200,,0,0x1202f,3,2
8420,5966531,6,4,0
8420,6097109,2,0,4
8420,6116906,6,4,0
8420,6138656,2,0,4
8420,6158593,6,4,0
8420,6172312,2,0,4
8420,6192750,7,4,0x80220200,,0,0x1202f,3,2
8420,6219703,6,4,0
8420,6316609,2,0,4
8420,6336406,6,4,0
8420,6358171,2,0,4
8420,6378031,6,4,0
8420,6391734,2,0,4
8420,6412187,7,4,0x80220200,,0,0x1202f,3,2
8420,6439156,6,4,0
8420,6535234,2,0,4
8420,6555031,6,4,0
8420,6576765,2,0,4
8420,6596656,6,4,0
8420,6610375,2,0,4
8420,6630812,7,4,0x80220200,,0,0x1202f,3,2
8420,6657765,6,4,0
8420,6763734,2,0,4
8420,6786031,6,4,0
8420,6846609,2,0,4
8420,6868937,7,4,0x80220200,,0,0x1202f,3,2
8420,6895906,6,4,0
8420,6999953,2,0,4
8420,7022218,6,4,0
8420,7105062,2,0,4
8420,7127375,7,4,0x80220200,,0,0x1202f,3,2
8420,7154343,6,4,0
8420,7251171,2,0,4
8420,7273468,6,4,0
8420,7334046,2,0,4
8420,7356375,7,4,0x80220200,,0,0x1202f,3,2
8420,7383328,6,4,0
8420,7507546,2,0,4
8420,7529843,6,4,0
8420,7609828,2,0,4
8420,7632125,7,4,0x80220200,,0,0x1202f,3,2
8420,7659078,6,4,0
8420,7755921,2,0,4
8420,7778218,6,4,0
8420,7838796,2,0,4
8420,7861125,7,4,0x80220200,,0,0x1202f,3,2
8420,7888093,6,4,0
8420,8010203,2,0,4
8420,8032468,6,4,0
8420,8112453,2,0,4
8420,8134750,7,4,0x80220200,,0,0x1202f,3,2
8420,8161703,6,4,0
8420,8258546,2,0,4
8420,8280781,6,4,0
8420,8341390,2,0,4
8420,8363687,7,4,0x80220200,,0,0x1202f,3,2
8420,8390656,6,4,0
8420,8511921,2,0,4
8420,8534218,6,4,0
8420,8619218,2,0,4
8420,8641562,7,4,0x80220200,,0,0x1202f,3,2
8420,8668546,6,4,0
8420,8765421,2,0,4
8420,8787718,6,4,0
8420,8848296,2,0,4
8420,8870625,7,4,0x80220200,,0,0x1202f,3,2
8420,8897593,6,4,0
8420,9018859,2,0,4
8420,9041156,6,4,0
8420,9119000,2,0,4
8420,9141312,7,4,0x80220200,,0,0x1202f,3,2
8420,9168281,6,4,0
8420,9268921,2,0,4
8420,9288718,6,4,0
8420,9310500,2,0,4
8420,9330406,6,4,0
8420,9344125,2,0,4
8420,9364562,7,4,0x80220200,,0,0x1202f,3,2
8420,9391546,6,4,0
8420,9522109,2,0,4
8420,9541906,6,4,0
8420,9563687,2,0,4
8420,9583593,6,4,0
8420,9597312,2,0,4
8420,9617750,7,4,0x80220200,,0,0x1202f,3,2
8420,9644734,6,4,0
8420,9741609,2,0,4
8420,9761406,6,4,0
8420,9783187,2,0,4
8420,9803093,6,4,0
8420,9816828,2,0,4
8420,9837312,7,4,0x80220200,,0,0x1202f,3,2
8420,9864281,6,4,0
8420,9960359,2,0,4
8420,9980156,6,4,0
8420,10001921,2,0,4
8430,27468,6,4,0
8430,41125,2,0,4
8430,61562,7,4,0x80220200,,0,0x1202f,3,2
8430,88515,6,4,0
8430,226046,2,0,4
8430,248281,6,4,0
8430,331125,2,0,4
8430,353437,7,4,0x80220200,,0,0x1202f,3,2
8430,380375,6,4,0
8430,477171,2,0,4
8430,499406,6,4,0
8430,560015,2,0,4
8430,582312,7,4,0x80220200,,0,0x1202f,3,2
8430,609281,6,4,0
8430,730546,2,0,4
8430,752843,6,4,0
8430,832828,2,0,4
8430,855125,7,4,0x80220200,,0,0x1202f,3,2
8430,882078,6,4,0
8430,978984,2,0,4
8430,1001281,6,4,0
8430,1061843,2,0,4
8430,1084125,7,4,0x80220200,,0,0x1202f,3,2
8430,1111093,6,4,0
8430,1235234,2,0,4
8430,1257531,6,4,0
8430,1339656,2,0,4
8430,1361937,7,4,0x80220200,,0,0x1202f,3,2
8430,1388906,6,4,0
8430,1498796,2,0,4
8430,1521093,6,4,0
8430,1581656,2,0,4
8430,1603937,7,4,0x80220200,,0,0x1202f,3,2
8430,1630890,6,4,0
8430,1737796,2,0,4
8430,1760093,6,4,0
8430,1840078,2,0,4
8430,1862375,7,4,0x80220200,,0,0x1202f,3,2
8430,1889328,6,4,0
8430,1986171,2,0,4
8430,2008468,6,4,0
8430,2069046,2,0,4
8430,2091375,7,4,0x80220200,,0,0x1202f,3,2
8430,2118343,6,4,0
8430,2242546,2,0,4
8430,2264843,6,4,0
8430,2341953,2,0,4
8430,2364250,7,4,0x80220200,,0,0x1202f,3,2
8430,2391203,6,4,0
8430,2488046,2,0,4
8430,2510343,6,4,0
8430,2570906,2,0,4
8430,2593187,7,4,0x80220200,,0,0x1202f,3,2
8430,2620156,6,4,0
8430,2745234,2,0,4
8430,2765031,6,4,0
8430,2786781,2,0,4
8430,2806718,6,4,0
8430,2820437,2,0,4
8430,2840875,7,4,0x80220200,,0,0x1202f,3,2
8430,2867828,6,4,0
8430,2963921,2,0,4
8430,2983718,6,4,0
8430,3005484,2,0,4
8430,3025406,6,4,0
8430,3039109,2,0,4
8430,3059562,7,4,0x80220200,,0,0x1202f,3,2
8430,3086531,6,4,0
8430,3183421,2,0,4
8430,3203218,6,4,0
8430,3224984,2,0,4
8430,3244906,6,4,0
8430,3258625,2,0,4
8430,3279062,7,4,0x80220200,,0,0x1202f,3,2
8430,3306015,6,4,0
8430,3402109,2,0,4
8430,3421906,6,4,0
8430,3443656,2,0,4
8430,3463593,6,4,0
8430,3477312,2,0,4
8430,3497750,7,4,0x80220200,,0,0x1202f,3,2
8430,3524703,6,4,0
8430,3652953,2,0,4
8430,3675218,6,4,0
8430,3757390,2,0,4
8430,3779687,7,4,0x80220200,,0,0x1202f,3,2
8430,3806656,6,4,0
8430,3903484,2,0,4
8430,3925781,6,4,0
8430,3986359,2,0,4
8430,4008687,7,4,0x80220200,,0,0x1202f,3,2
8430,4035640,6,4,0
8430,4154765,2,0,4
8430,4177031,6,4,0
8430,4259203,2,0,4
8430,4281500,7,4,0x80220200,,0,0x1202f,3,2
8430,4308453,6,4,0
8430,4405359,2,0,4
8430,4427656,6,4,0
8430,4488234,2,0,4
8430,4510562,7,4,0x80220200,,0,0x1202f,3,2
8430,4537531,6,4,0
8430,4656640,2,0,4
8430,4678906,6,4,0
8430,4763906,2,0,4
8430,4786250,7,4,0x80220200,,0,0x1202f,3,2
8430,4813203,6,4,0
8430,4923109,2,0,4
8430,4945406,6,4,0
8430,5005968,2,0,4
8430,5028250,7,4,0x80220200,,0,0x1202f,3,2
8430,5055218,6,4,0
8430,5159265,2,0,4
8430,5181531,6,4,0
8430,5264375,2,0,4
8430,5286687,7,4,0x80220200,,0,0x1202f,3,2
8430,5313656,6,4,0
8430,5410484,2,0,4
8430,5432781,6,4,0
8430,5493359,2,0,4
8430,5515687,7,4,0x80220200,,0,0x1202f,3,2
8430,5542640,6,4,0
8430,5666859,2,0,4
8430,5689156,6,4,0
8430,5766265,2,0,4
8430,5788562,7,4,0x80220200,,0,0x1202f,3,2
8430,5815515,6,4,0
8430,5912359,2,0,4
8430,5934656,6,4,0
8430,5995234,2,0,4
8430,6017562,7,4,0x80220200,,0,0x1202f,3,2
8430,6044531,6,4,0
8430,6167453,2,0,4
8430,6187218,6,4,0
8430,6208968,2,0,4
8430,6228906,6,4,0
8430,6242609,2,0,4
8430,6263062,7,4,0x80220200,,0,0x1202f,3,2
8430,6290031,6,4,0
8430,6386109,2,0,4
8430,6405906,6,4,0
8430,6427671,2,0,4
8430,6447593,6,4,0
8430,6461296,2,0,4
8430,6481750,7,4,0x80220200,,0,0x1202f,3,2
8430,6508718,6,4,0
8430,6605609,2,0,4
8430,6625406,6,4,0
8430,6647156,2,0,4
8430,6667031,6,4,0
8430,6680750,2,0,4
8430,6701187,7,4,0x80220200,,0,0x1202f,3,2
8430,6728140,6,4,0
8430,6824234,2,0,4
8430,6844031,6,4,0
8430,6865781,2,0,4
8430,6885718,6,4,0
8430,6899421,2,0,4
8430,6919875,7,4,0x80220200,,0,0x1202f,3,2
8430,6946843,6,4,0
8430,7077171,2,0,4
8430,7099468,6,4,0
8430,7177281,2,0,4
8430,7199625,7,4,0x80220200,,0,0x1202f,3,2
8430,7226593,6,4,0
8430,7323421,2,0,4
8430,7345718,6,4,0
8430,7406281,2,0,4
8430,7428562,7,4,0x80220200,,0,0x1202f,3,2
8430,7455515,6,4,0
8430,7579671,2,0,4
8430,7601968,6,4,0
8430,7681953,2,0,4
8430,7704250,7,4,0x80220200,,0,0x1202f,3,2
8430,7731218,6,4,0
8430,7828109,2,0,4
8430,7850406,6,4,0
8430,7910984,2,0,4
8430,7933312,7,4,0x80220200,,0,0x1202f,3,2
8430,7960265,6,4,0
8430,8081546,2,0,4
8430,8103843,6,4,0
8430,8188859,2,0,4
8430,8211187,7,4,0x80220200,,0,0x1202f,3,2
8430,8238140,6,4,0
8430,8348046,2,0,4
8430,8370343,6,4,0
8430,8430921,2,0,4
8430,8453250,7,4,0x80220200,,0,0x1202f,3,2
8430,8480218,6,4,0
8430,8584265,2,0,4
8430,8606531,6,4,0
8430,8689390,2,0,4
8430,8711750,7,4,0x80220200,,0,0x1202f,3,2
8430,8738734,6,4,0
8430,8835546,2,0,4
8430,8857843,6,4,0
8430,8918421,2,0,4
8430,8940750,7,4,0x80220200,,0,0x1202f,3,2
8430,8967718,6,4,0
8430,9091921,2,0,4
8430,9114218,6,4,0
8430,9191328,2,0,4
8430,9213625,7,4,0x80220200,,0,0x1202f,3,2
8430,9240609,6,4,0
8430,9337421,2,0,4
8430,9359718,6,4,0
8430,9420312,2,0,4
8430,9442625,7,4,0x80220200,,0,0x1202f,3,2
8430,9469593,6,4,0
8430,9592515,2,0,4
8430,9612281,6,4,0
8430,9634062,2,0,4
8430,9653968,6,4,0
8430,9667687,2,0,4
8430,9688125,7,4,0x80220200,,0,0x1202f,3,2
8430,9715109,6,4,0
8430,9811171,2,0,4
8430,9830968,6,4,0
8430,9852718,2,0,4
8430,9872656,6,4,0
8430,9886390,2,0,4
8430,9906875,7,4,0x80220200,,0,0x1202f,3,2
8430,9933843,6,4,0
8440,31031,2,0,4
8440,50781,6,4,0
8440,72531,2,0,4
8440,92406,6,4,0
8440,106093,2,0,4
8440,126500,7,4,0x80220200,,0,0x1202f,3,2
8440,153453,6,4,0
8440,249484,2,0,4
8440,269281,6,4,0
8440,291015,2,0,4
8440,310906,6,4,0
8440,324609,2,0,4
8440,345062,7,4,0x80220200,,0,0x1202f,3,2
8440,372000,6,4,0
8440,502359,2,0,4
8440,524656,6,4,0
8440,602437,2,0,4
8440,624750,7,4,0x80220200,,0,0x1202f,3,2
8440,651718,6,4,0
8440,748546,2,0,4
8440,770843,6,4,0
8440,831421,2,0,4
8440,853750,7,4,0x80220200,,0,0x1202f,3,2
8440,880687,6,4,0
8440,1004796,2,0,4
8440,1027093,6,4,0
8440,1107078,2,0,4
8440,1129375,7,4,0x80220200,,0,0x1202f,3,2
8440,1156328,6,4,0
8440,1253234,2,0,4
8440,1275531,6,4,0
8440,1336093,2,0,4
8440,1358375,7,4,0x80220200,,0,0x1202f,3,2
8440,1385343,6,4,0
8440,1509484,2,0,4
8440,1531781,6,4,0
8440,1608890,2,0,4
8440,1631187,7,4,0x80220200,,0,0x1202f,3,2
8440,1658156,6,4,0
8440,1768046,2,0,4
8440,1790343,6,4,0
8440,1850906,2,0,4
8440,1873187,7,4,0x80220200,,0,0x1202f,3,2
8440,1900156,6,4,0
8440,2009203,2,0,4
8440,2031468,6,4,0
8440,2116484,2,0,4
8440,2138812,7,4,0x80220200,,0,0x1202f,3,2
8440,2165781,6,4,0
8440,2262609,2,0,4
8440,2284906,6,4,0
8440,2345484,2,0,4
8440,2367812,7,4,0x80220200,,0,0x1202f,3,2
8440,2394765,6,4,0
8440,2516109,2,0,4
8440,2538406,6,4,0
8440,2616234,2,0,4
8440,2638562,7,4,0x80220200,,0,0x1202f,3,2
8440,2665515,6,4,0
8440,2762359,2,0,4
8440,2784656,6,4,0
8440,2845218,2,0,4
8440,2867500,7,4,0x80220200,,0,0x1202f,3,2
8440,2894468,6,4,0
8440,3019546,2,0,4
8440,3039343,6,4,0
8440,3061093,2,0,4
8440,3081031,6,4,0
8440,3094718,2,0,4
8440,3115125,7,4,0x80220200,,0,0x1202f,3,2
8440,3142093,6,4,0
8440,3238171,2,0,4
8440,3257968,6,4,0
8440,3279734,2,0,4
8440,3299656,6,4,0
8440,3313359,2,0,4
8440,3333812,7,4,0x80220200,,0,0x1202f,3,2
8440,3360781,6,4,0
8440,3457671,2,0,4
8440,3477468,6,4,0
8440,3499218,2,0,4
8440,3519093,6,4,0
8440,3532812,2,0,4
8440,3553250,7,4,0x80220200,,0,0x1202f,3,2
8440,3580203,6,4,0
8440,3676296,2,0,4
8440,3696093,6,4,0
8440,3717843,2,0,4
8440,3737781,6,4,0
8440,3751484,2,0,4
8440,3771937,7,4,0x80220200,,0,0x1202f,3,2
8440,3798906,6,4,0
8440,3927140,2,0,4
8440,3949406,6,4,0
8440,4029375,2,0,4
8440,4051687,7,4,0x80220200,,0,0x1202f,3,2
8440,4078656,6,4,0
8440,4175484,2,0,4
8440,4197781,6,4,0
8440,4258343,2,0,4
8440,4280687,7,4,0x80220200,,0,0x1202f,3,2
8440,4307640,6,4,0
8440,4426765,2,0,4
8440,4449031,6,4,0
8440,4534046,2,0,4
8440,4556375,7,4,0x80220200,,0,0x1202f,3,2
8440,4583343,6,4,0
8440,4680234,2,0,4
8440,4702531,6,4,0
8440,4763109,2,0,4
8440,4785437,7,4,0x80220200,,0,0x1202f,3,2
8440,4812375,6,4,0
8440,4933609,2,0,4
8440,4955906,6,4,0
8440,5033734,2,0,4
8440,5056062,7,4,0x80220200,,0,0x1202f,3,2
8440,5083015,6,4,0
8440,5192921,2,0,4
8440,5215218,6,4,0
8440,5275796,2,0,4
8440,5298125,7,4,0x80220200,,0,0x1202f,3,2
8440,5325093,6,4,0
8440,5437015,2,0,4
8440,5459281,6,4,0
8440,5541406,2,0,4
8440,5563750,7,4,0x80220200,,0,0x1202f,3,2
8440,5590718,6,4,0
8440,5687546,2,0,4
8440,5709843,6,4,0
8440,5770406,2,0,4
8440,5792687,7,4,0x80220200,,0,0x1202f,3,2
8440,5819640,6,4,0
8440,5940984,2,0,4
8440,5963281,6,4,0
8440,6043265,2,0,4
8440,6065562,7,4,0x80220200,,0,0x1202f,3,2
8440,6092531,6,4,0
8440,6189359,2,0,4
8440,6211656,6,4,0
8440,6272234,2,0,4
8440,6294562,7,4,0x80220200,,0,0x1202f,3,2
8440,6321515,6,4,0
8440,6444453,2,0,4
8440,6464218,6,4,0
8440,6485984,2,0,4
8440,6505906,6,4,0
8440,6519609,2,0,4
8440,6540062,7,4,0x80220200,,0,0x1202f,3,2
8440,6567031,6,4,0
8440,6663109,2,0,4
8440,6682906,6,4,0
8440,6704671,2,0,4
8440,6724593,6,4,0
8440,6738312,2,0,4
8440,6758750,7,4,0x80220200,,0,0x1202f,3,2
8440,6785703,6,4,0
8440,6882609,2,0,4
8440,6902343,6,4,0
8440,6924093,2,0,4
8440,6944031,6,4,0
8440,6957750,2,0,4
8440,6978187,7,4,0x80220200,,0,0x1202f,3,2
8440,7005140,6,4,0
8440,7101234,2,0,4
8440,7121031,6,4,0
8440,7142796,2,0,4
8440,7162718,6,4,0
8440,7176421,2,0,4
8440,7196875,7,4,0x80220200,,0,0x1202f,3,2
8440,7223843,6,4,0
8440,7349265,2,0,4
8440,7371531,6,4,0
8440,7454343,2,0,4
8440,7476687,7,4,0x80220200,,0,0x1202f,3,2
8440,7503640,6,4,0
8440,7600484,2,0,4
8440,7622781,6,4,0
8440,7683343,2,0,4
8440,7705625,7,4,0x80220200,,0,0x1202f,3,2
8440,7732593,6,4,0
8440,7853859,2,0,4
8440,7876156,6,4,0
8440,7959000,2,0,4
8440,7981312,7,4,0x80220200,,0,0x1202f,3,2
8440,8008281,6,4,0
8440,8105171,2,0,4
8440,8127468,6,4,0
8440,8188015,2,0,4
8440,8210312,7,4,0x80220200,,0,0x1202f,3,2
8440,8237265,6,4,0
8440,8358546,2,0,4
8440,8380843,6,4,0
8440,8460828,2,0,4
8440,8483125,7,4,0x80220200,,0,0x1202f,3,2
8440,8510078,6,4,0
8440,8619984,2,0,4
8440,8642281,6,4,0
8440,8702875,2,0,4
8440,8725187,7,4,0x80220200,,0,0x1202f,3,2
8440,8752156,6,4,0
8440,8859046,2,0,4
8440,8881343,6,4,0
8440,8966375,2,0,4
8440,8988687,7,4,0x80220200,,0,0x1202f,3,2
8440,9015656,6,4,0
8440,9112484,2,0,4
8440,9134781,6,4,0
8440,9195359,2,0,4
8440,9217687,7,4,0x80220200,,0,0x1202f,3,2
8440,9244671,6,4,0
8440,9365984,2,0,4
8440,9388281,6,4,0
8440,9468265,2,0,4
8440,9490562,7,4,0x80220200,,0,0x1202f,3,2
8440,9517546,6,4,0
8440,9614359,2,0,4
8440,9636656,6,4,0
8440,9697234,2,0,4
8440,9719562,7,4,0x80220200,,0,0x1202f,3,2
8440,9746531,6,4,0
8440,9869453,2,0,4
8440,9889281,6,4,0
8440,9911062,2,0,4
8440,9930968,6,4,0
8440,9944703,2,0,4
8440,9965187,7,4,0x80220200,,0,0x1202f,3,2
8440,9992156,6,4,0
8450,93484,2,0,4
8450,113218,6,4,0
8450,134968,2,0,4
8450,154843,6,4,0
8450,168531,2,0,4
8450,188937,7,4,0x80220200,,0,0x1202f,3,2
8450,215890,6,4,0
8450,312734,2,0,4
8450,332531,6,4,0
8450,354265,2,0,4
8450,374156,6,4,0
8450,387859,2,0,4
8450,408312,7,4,0x80220200,,0,0x1202f,3,2
8450,435250,6,4,0
8450,531296,2,0,4
8450,551031,6,4,0
8450,572781,2,0,4
8450,592718,6,4,0
8450,606421,2,0,4
8450,626875,7,4,0x80220200,,0,0x1202f,3,2
8450,653843,6,4,0
8450,774890,2,0,4
8450,797156,6,4,0
8450,879281,2,0,4
8450,901562,7,4,0x80220200,,0,0x1202f,3,2
8450,928531,6,4,0
8450,1025359,2,0,4
8450,1047656,6,4,0
8450,1108234,2,0,4
8450,1130562,7,4,0x80220200,,0,0x1202f,3,2
8450,1157515,6,4,0
8450,1278796,2,0,4
8450,1301093,6,4,0
8450,1383953,2,0,4
8450,1406250,7,4,0x80220200,,0,0x1202f,3,2
8450,1433203,6,4,0
8450,1530109,2,0,4
8450,1552406,6,4,0
8450,1612984,2,0,4
8450,1635312,7,4,0x80220200,,0,0x1202f,3,2
8450,1662281,6,4,0
8450,1781390,2,0,4
8450,1803656,6,4,0
8450,1885828,2,0,4
8450,1908125,7,4,0x80220200,,0,0x1202f,3,2
8450,1935078,6,4,0
8450,2044984,2,0,4
8450,2067281,6,4,0
8450,2127859,2,0,4
8450,2150187,7,4,0x80220200,,0,0x1202f,3,2
8450,2177156,6,4,0
8450,2286203,2,0,4
8450,2308468,6,4,0
8450,2388453,2,0,4
8450,2410750,7,4,0x80220200,,0,0x1202f,3,2
8450,2437718,6,4,0
8450,2534546,2,0,4
8450,2556843,6,4,0
8450,2617390,2,0,4
8450,2639687,7,4,0x80220200,,0,0x1202f,3,2
8450,2666640,6,4,0
8450,2785828,2,0,4
8450,2808093,6,4,0
8450,2893109,2,0,4
8450,2915437,7,4,0x80220200,,0,0x1202f,3,2
8450,2942390,6,4,0
8450,3039234,2,0,4
8450,3061531,6,4,0
8450,3122109,2,0,4
8450,3144437,7,4,0x80220200,,0,0x1202f,3,2
8450,3171406,6,4,0
8450,3291515,2,0,4
8450,3311281,6,4,0
8450,3333015,2,0,4
8450,3352906,6,4,0
8450,3366609,2,0,4
8450,3387062,7,4,0x80220200,,0,0x1202f,3,2
8450,3414031,6,4,0
8450,3510109,2,0,4
8450,3529906,6,4,0
8450,3551671,2,0,4
8450,3571593,6,4,0
8450,3585296,2,0,4
8450,3605750,7,4,0x80220200,,0,0x1202f,3,2
8450,3632687,6,4,0
8450,3729546,2,0,4
8450,3749343,6,4,0
8450,3771093,2,0,4
8450,3791031,6,4,0
8450,3804750,2,0,4
8450,3825187,7,4,0x80220200,,0,0x1202f,3,2
8450,3852140,6,4,0
8450,3948234,2,0,4
8450,3968031,6,4,0
8450,3989796,2,0,4
8450,4009718,6,4,0
8450,4023421,2,0,4
8450,4043875,7,4,0x80220200,,0,0x1202f,3,2
8450,4070843,6,4,0
8450,4199078,2,0,4
8450,4221343,6,4,0
8450,4303515,2,0,4
8450,4325812,7,4,0x80220200,,0,0x1202f,3,2
8450,4352750,6,4,0
8450,4449546,2,0,4
8450,4471843,6,4,0
8450,4532406,2,0,4
8450,4554687,7,4,0x80220200,,0,0x1202f,3,2
8450,4581640,6,4,0
8450,4700765,2,0,4
8450,4723031,6,4,0
8450,4808031,2,0,4
8450,4830312,7,4,0x80220200,,0,0x1202f,3,2
8450,4857281,6,4,0
8450,4954171,2,0,4
8450,4976468,6,4,0
8450,5037046,2,0,4
8450,5059375,7,4,0x80220200,,0,0x1202f,3,2
8450,5086328,6,4,0
8450,5205453,2,0,4
8450,5227718,6,4,0
8450,5307703,2,0,4
8450,5330000,7,4,0x80220200,,0,0x1202f,3,2
8450,5356953,6,4,0
8450,5466859,2,0,4
8450,5489156,6,4,0
8450,5549734,2,0,4
8450,5572062,7,4,0x80220200,,0,0x1202f,3,2
8450,5599000,6,4,0
8450,5710890,2,0,4
8450,5733156,6,4,0
8450,5810265,2,0,4
8450,5832562,7,4,0x80220200,,0,0x1202f,3,2
8450,5859531,6,4,0
8450,5956359,2,0,4
8450,5978656,6,4,0
8450,6039218,2,0,4
8450,6061500,7,4,0x80220200,,0,0x1202f,3,2
8450,6088453,6,4,0
8450,6212671,2,0,4
8450,6234968,6,4,0
8450,6314937,2,0,4
8450,6337250,7,4,0x80220200,,0,0x1202f,3,2
8450,6364218,6,4,0
8450,6461046,2,0,4
8450,6483343,6,4,0
8450,6543921,2,0,4
8450,6566250,7,4,0x80220200,,0,0x1202f,3,2
8450,6593203,6,4,0
8450,6713328,2,0,4
8450,6733093,6,4,0
8450,6754828,2,0,4
8450,6774718,6,4,0
8450,6788421,2,0,4
8450,6808875,7,4,0x80220200,,0,0x1202f,3,2
8450,6835843,6,4,0
8450,6931921,2,0,4
8450,6951718,6,4,0
8450,6973468,2,0,4
8450,6993343,6,4,0
8450,7007062,2,0,4
8450,7027500,7,4,0x80220200,,0,0x1202f,3,2
8450,7054453,6,4,0
8450,7151359,2,0,4
8450,7171156,6,4,0
8450,7192906,2,0,4
8450,7212843,6,4,0
8450,7226546,2,0,4
8450,7247000,7,4,0x80220200,,0,0x1202f,3,2
8450,7273968,6,4,0
8450,7370046,2,0,4
8450,7389843,6,4,0
8450,7411609,2,0,4
8450,7431531,6,4,0
8450,7445234,2,0,4
8450,7465687,7,4,0x80220200,,0,0x1202f,3,2
8450,7492656,6,4,0
8450,7623046,2,0,4
8450,7645343,6,4,0
8450,7725328,2,0,4
8450,7747625,7,4,0x80220200,,0,0x1202f,3,2
8450,7774578,6,4,0
8450,7871421,2,0,4
8450,7893718,6,4,0
8450,7954281,2,0,4
8450,7976562,7,4,0x80220200,,0,0x1202f,3,2
8450,8003531,6,4,0
8450,8127671,2,0,4
8450,8149906,6,4,0
8450,8227078,2,0,4
8450,8249375,7,4,0x80220200,,0,0x1202f,3,2
8450,8276343,6,4,0
8450,8373171,2,0,4
8450,8395468,6,4,0
8450,8456031,2,0,4
8450,8478312,7,4,0x80220200,,0,0x1202f,3,2
8450,8505265,6,4,0
8450,8629421,2,0,4
8450,8651718,6,4,0
8450,8733843,2,0,4
8450,8756187,7,4,0x80220200,,0,0x1202f,3,2
8450,8783171,6,4,0
8450,8893046,2,0,4
8450,8915343,6,4,0
8450,8975921,2,0,4
8450,8998250,7,4,0x80220200,,0,0x1202f,3,2
8450,9025218,6,4,0
8450,9132109,2,0,4
8450,9154406,6,4,0
8450,9234406,2,0,4
8450,9256750,7,4,0x80220200,,0,0x1202f,3,2
8450,9283718,6,4,0
8450,9380546,2,0,4
8450,9402843,6,4,0
8450,9463421,2,0,4
8450,9485750,7,4,0x80220200,,0,0x1202f,3,2
8450,9512734,6,4,0
8450,9639078,2,0,4
8450,9661343,6,4,0
8450,9741328,2,0,4
8450,9763687,7,4,0x80220200,,0,0x1202f,3,2
8450,9790671,6,4,0
8450,9887484,2,0,4
8450,9909781,6,4,0
8450,9970359,2,0,4
8450,9992687,7,4,0x80220200,,0,0x1202f,3,2
8460,25656,6,4,0
8460,141328,2,0,4
8460,161093,6,4,0
8460,184984,2,0,4
8460,204906,6,4,0
8460,218593,2,0,4
8460,239000,7,4,0x80220200,,0,0x1202f,3,2
8460,265953,6,4,0
8460,361984,2,0,4
8460,381781,6,4,0
8460,403531,2,0,4
8460,423406,6,4,0
8460,437093,2,0,4
8460,457500,7,4,0x80220200,,0,0x1202f,3,2
8460,484453,6,4,0
8460,581296,2,0,4
8460,601093,6,4,0
8460,622843,2,0,4
8460,642718,6,4,0
8460,656437,2,0,4
8460,676875,7,4,0x80220200,,0,0x1202f,3,2
8460,703828,6,4,0
8460,799921,2,0,4
8460,819718,6,4,0
8460,841468,2,0,4
8460,861406,6,4,0
8460,875109,2,0,4
8460,895562,7,4,0x80220200,,0,0x1202f,3,2
8460,922531,6,4,0
8460,1045734,2,0,4
8460,1068031,6,4,0
8460,1153031,2,0,4
8460,1175375,7,4,0x80220200,,0,0x1202f,3,2
8460,1202343,6,4,0
8460,1299171,2,0,4
8460,1321468,6,4,0
8460,1382031,2,0,4
8460,1404312,7,4,0x80220200,,0,0x1202f,3,2
8460,1431265,6,4,0
8460,1552546,2,0,4
8460,1574843,6,4,0
8460,1652640,2,0,4
8460,1674937,7,4,0x80220200,,0,0x1202f,3,2
8460,1701906,6,4,0
8460,1798796,2,0,4
8460,1821093,6,4,0
8460,1881671,2,0,4
8460,1904000,7,4,0x80220200,,0,0x1202f,3,2
8460,1930953,6,4,0
8460,2055109,2,0,4
8460,2077406,6,4,0
8460,2157390,2,0,4
8460,2179687,7,4,0x80220200,,0,0x1202f,3,2
8460,2206640,6,4,0
8460,2316546,2,0,4
8460,2338843,6,4,0
8460,2399421,2,0,4
8460,2421750,7,4,0x80220200,,0,0x1202f,3,2
8460,2448718,6,4,0
8460,2557765,2,0,4
8460,2580031,6,4,0
8460,2662875,2,0,4
8460,2685187,7,4,0x80220200,,0,0x1202f,3,2
8460,2712156,6,4,0
8460,2808984,2,0,4
8460,2831281,6,4,0
8460,2891843,2,0,4
8460,2914125,7,4,0x80220200,,0,0x1202f,3,2
8460,2941078,6,4,0
8460,3060265,2,0,4
8460,3082531,6,4,0
8460,3167531,2,0,4
8460,3189812,7,4,0x80220200,,0,0x1202f,3,2
8460,3216781,6,4,0
8460,3313609,2,0,4
8460,3335906,6,4,0
8460,3396484,2,0,4
8460,3418812,7,4,0x80220200,,0,0x1202f,3,2
8460,3445765,6,4,0
8460,3565890,2,0,4
8460,3585656,6,4,0
8460,3607390,2,0,4
8460,3627281,6,4,0
8460,3640984,2,0,4
8460,3661437,7,4,0x80220200,,0,0x1202f,3,2
8460,3688406,6,4,0
8460,3784484,2,0,4
8460,3804281,6,4,0
8460,3826031,2,0,4
8460,3845906,6,4,0
8460,3859625,2,0,4
8460,3880062,7,4,0x80220200,,0,0x1202f,3,2
8460,3907015,6,4,0
8460,4003921,2,0,4
8460,4023718,6,4,0
8460,4045468,2,0,4
8460,4065406,6,4,0
8460,4079109,2,0,4
8460,4099562,7,4,0x80220200,,0,0x1202f,3,2
8460,4126531,6,4,0
8460,4222609,2,0,4
8460,4242406,6,4,0
8460,4264171,2,0,4
8460,4284093,6,4,0
8460,4297796,2,0,4
8460,4318250,7,4,0x80220200,,0,0x1202f,3,2
8460,4345218,6,4,0
8460,4473453,2,0,4
8460,4495718,6,4,0
8460,4573546,2,0,4
8460,4595875,7,4,0x80220200,,0,0x1202f,3,2
8460,4622828,6,4,0
8460,4719671,2,0,4
8460,4741906,6,4,0
8460,4802515,2,0,4
8460,4824812,7,4,0x80220200,,0,0x1202f,3,2
8460,4851781,6,4,0
8460,4975921,2,0,4
8460,4998218,6,4,0
8460,5078187,2,0,4
8460,5100500,7,4,0x80220200,,0,0x1202f,3,2
8460,5127468,6,4,0
8460,5224359,2,0,4
8460,5246656,6,4,0
8460,5307218,2,0,4
8460,5329562,7,4,0x80220200,,0,0x1202f,3,2
8460,5356515,6,4,0
8460,5480671,2,0,4
8460,5502968,6,4,0
8460,5580078,2,0,4
8460,5602375,7,4,0x80220200,,0,0x1202f,3,2
8460,5629328,6,4,0
8460,5739234,2,0,4
8460,5761531,6,4,0
8460,5822109,2,0,4
8460,5844437,7,4,0x80220200,,0,0x1202f,3,2
8460,5871390,6,4,0
8460,5983328,2,0,4
8460,6005593,6,4,0
8460,6087734,2,0,4
8460,6110062,7,4,0x80220200,,0,0x1202f,3,2
8460,6137015,6,4,0
8460,6233859,2,0,4
8460,6256156,6,4,0
8460,6316718,2,0,4
8460,6339000,7,4,0x80220200,,0,0x1202f,3,2
8460,6365968,6,4,0
8460,6487296,2,0,4
8460,6509593,6,4,0
8460,6587406,2,0,4
8460,6609750,7,4,0x80220200,,0,0x1202f,3,2
8460,6636718,6,4,0
8460,6733546,2,0,4
8460,6755843,6,4,0
8460,6816406,2,0,4
8460,6838687,7,4,0x80220200,,0,0x1202f,3,2
8460,6865640,6,4,0
8460,6990734,2,0,4
8460,7010531,6,4,0
8460,7032296,2,0,4
8460,7052218,6,4,0
8460,7065937,2,0,4
8460,7086375,7,4,0x80220200,,0,0x1202f,3,2
8460,7113328,6,4,0
8460,7209421,2,0,4
8460,7229156,6,4,0
8460,7250906,2,0,4
8460,7270843,6,4,0
8460,7284562,2,0,4
8460,7305000,7,4,0x80220200,,0,0x1202f,3,2
8460,7331953,6,4,0
8460,7428859,2,0,4
8460,7448656,6,4,0
8460,7470421,2,0,4
8460,7490343,6,4,0
8460,7504046,2,0,4
8460,7524500,7,4,0x80220200,,0,0x1202f,3,2
8460,7551468,6,4,0
8460,7647546,2,0,4
8460,7667343,6,4,0
8460,7689109,2,0,4
8460,7709031,6,4,0
8460,7722750,2,0,4
8460,7743187,7,4,0x80220200,,0,0x1202f,3,2
8460,7770140,6,4,0
8460,7898390,2,0,4
8460,7920656,6,4,0
8460,8000640,2,0,4
8460,8022937,7,4,0x80220200,,0,0x1202f,3,2
8460,8049890,6,4,0
8460,8146734,2,0,4
8460,8169031,6,4,0
8460,8229609,2,0,4
8460,8251937,7,4,0x80220200,,0,0x1202f,3,2
8460,8278906,6,4,0
8460,8400171,2,0,4
8460,8422468,6,4,0
8460,8505328,2,0,4
8460,8527625,7,4,0x80220200,,0,0x1202f,3,2
8460,8554578,6,4,0
8460,8651484,2,0,4
8460,8673781,6,4,0
8460,8734359,2,0,4
8460,8756687,7,4,0x80220200,,0,0x1202f,3,2
8460,8783671,6,4,0
8460,8902765,2,0,4
8460,8925093,6,4,0
8460,9010109,2,0,4
8460,9032437,7,4,0x80220200,,0,0x1202f,3,2
8460,9059421,6,4,0
8460,9169296,2,0,4
8460,9191593,6,4,0
8460,9252171,2,0,4
8460,9274500,7,4,0x80220200,,0,0x1202f,3,2
8460,9301484,6,4,0
8460,9408421,2,0,4
8460,9430718,6,4,0
8460,9512875,2,0,4
8460,9535187,7,4,0x80220200,,0,0x1202f,3,2
8460,9562156,6,4,0
8460,9658984,2,0,4
8460,9681281,6,4,0
8460,9741875,2,0,4
8460,9764187,7,4,0x80220200,,0,0x1202f,3,2
8460,9791171,6,4,0
8460,9912484,2,0,4
8460,9934781,6,4,0
8470,12875,2,0,4
8470,35125,7,4,0x80220200,,0,0x1202f,3,2
8470,62078,6,4,0
8470,158921,2,0,4
8470,181156,6,4,0
8470,241765,2,0,4
8470,264062,7,4,0x80220200,,0,0x1202f,3,2
8470,290984,6,4,0
8470,416046,2,0,4
8470,435781,6,4,0
8470,457531,2,0,4
8470,477406,6,4,0
8470,491093,2,0,4
8470,511500,7,4,0x80220200,,0,0x1202f,3,2
8470,538453,6,4,0
8470,634546,2,0,4
8470,654343,6,4,0
8470,676109,2,0,4
8470,696031,6,4,0
8470,709750,2,0,4
8470,730187,7,4,0x80220200,,0,0x1202f,3,2
8470,757140,6,4,0
8470,854046,2,0,4
8470,873781,6,4,0
8470,895531,2,0,4
8470,915468,6,4,0
8470,929187,2,0,4
8470,949625,7,4,0x80220200,,0,0x1202f,3,2
8470,976578,6,4,0
8470,1072671,2,0,4
8470,1092468,6,4,0
8470,1114234,2,0,4
8470,1134093,6,4,0
8470,1147796,2,0,4
8470,1168250,7,4,0x80220200,,0,0x1202f,3,2
8470,1195218,6,4,0
8470,1320640,2,0,4
8470,1342906,6,4,0
8470,1423562,2,0,4
8470,1445875,7,4,0x80220200,,0,0x1202f,3,2
8470,1472828,6,4,0
8470,1569671,2,0,4
8470,1591968,6,4,0
8470,1652531,2,0,4
8470,1674812,7,4,0x80220200,,0,0x1202f,3,2
8470,1701781,6,4,0
8470,1823046,2,0,4
8470,1845343,6,4,0
8470,1930343,2,0,4
8470,1952625,7,4,0x80220200,,0,0x1202f,3,2
8470,1979593,6,4,0
8470,2076484,2,0,4
8470,2098781,6,4,0
8470,2159328,2,0,4
8470,2181625,7,4,0x80220200,,0,0x1202f,3,2
8470,2208578,6,4,0
8470,2329859,2,0,4
8470,2352156,6,4,0
8470,2429984,2,0,4
8470,2452312,7,4,0x80220200,,0,0x1202f,3,2
8470,2479265,6,4,0
8470,2589171,2,0,4
8470,2611468,6,4,0
8470,2672046,2,0,4
8470,2694375,7,4,0x80220200,,0,0x1202f,3,2
8470,2721328,6,4,0
8470,2833265,2,0,4
8470,2855531,6,4,0
8470,2937671,2,0,4
8470,2960000,7,4,0x80220200,,0,0x1202f,3,2
8470,2986953,6,4,0
8470,3083796,2,0,4
8470,3106093,6,4,0
8470,3166656,2,0,4
8470,3188937,7,4,0x80220200,,0,0x1202f,3,2
8470,3215906,6,4,0
8470,3337234,2,0,4
8470,3359531,6,4,0
8470,3437343,2,0,4
8470,3459625,7,4,0x80220200,,0,0x1202f,3,2
8470,3486593,6,4,0
8470,3583421,2,0,4
8470,3605718,6,4,0
8470,3666265,2,0,4
8470,3688562,7,4,0x80220200,,0,0x1202f,3,2
8470,3715515,6,4,0
8470,3835640,2,0,4
8470,3855406,6,4,0
8470,3877140,2,0,4
8470,3897031,6,4,0
8470,3910734,2,0,4
8470,3931187,7,4,0x80220200,,0,0x1202f,3,2
8470,3958156,6,4,0
8470,4054234,2,0,4
8470,4074031,6,4,0
8470,4095781,2,0,4
8470,4115656,6,4,0
8470,4129375,2,0,4
8470,4149812,7,4,0x80220200,,0,0x1202f,3,2
8470,4176765,6,4,0
8470,4273671,2,0,4
8470,4293468,6,4,0
8470,4315234,2,0,4
8470,4335156,6,4,0
8470,4348859,2,0,4
8470,4369312,7,4,0x80220200,,0,0x1202f,3,2
8470,4396281,6,4,0
8470,4492359,2,0,4
8470,4512156,6,4,0
8470,4533921,2,0,4
8470,4553843,6,4,0
8470,4567546,2,0,4
8470,4588000,7,4,0x80220200,,0,0x1202f,3,2
8470,4614937,6,4,0
8470,4745296,2,0,4
8470,4767593,6,4,0
8470,4847578,2,0,4
8470,4869875,7,4,0x80220200,,0,0x1202f,3,2
8470,4896828,6,4,0
8470,4993671,2,0,4
8470,5015968,6,4,0
8470,5076546,2,0,4
8470,5098875,7,4,0x80220200,,0,0x1202f,3,2
8470,5125843,6,4,0
8470,5249984,2,0,4
8470,5272281,6,4,0
8470,5352250,2,0,4
8470,5374562,7,4,0x80220200,,0,0x1202f,3,2
8470,5401500,6,4,0
8470,5498359,2,0,4
8470,5520656,6,4,0
8470,5581218,2,0,4
8470,5603500,7,4,0x80220200,,0,0x1202f,3,2
8470,5630453,6,4,0
8470,5754609,2,0,4
8470,5776906,6,4,0
8470,5859031,2,0,4
8470,5881312,7,4,0x80220200,,0,0x1202f,3,2
8470,5908281,6,4,0
8470,6018171,2,0,4
8470,6040468,6,4,0
8470,6101031,2,0,4
8470,6123312,7,4,0x80220200,,0,0x1202f,3,2
8470,6150265,6,4,0
8470,6254328,2,0,4
8470,6276593,6,4,0
8470,6361609,2,0,4
8470,6383937,7,4,0x80220200,,0,0x1202f,3,2
8470,6410890,6,4,0
8470,6507734,2,0,4
8470,6530031,6,4,0
8470,6590609,2,0,4
8470,6612937,7,4,0x80220200,,0,0x1202f,3,2
8470,6639906,6,4,0
8470,6761234,2,0,4
8470,6783531,6,4,0
8470,6861343,2,0,4
8470,6883687,7,4,0x80220200,,0,0x1202f,3,2
8470,6910640,6,4,0
8470,7007484,2,0,4
8470,7029781,6,4,0
8470,7090343,2,0,4
8470,7112625,7,4,0x80220200,,0,0x1202f,3,2
8470,7139593,6,4,0
8470,7264671,2,0,4
8470,7284468,6,4,0
8470,7306218,2,0,4
8470,7326093,6,4,0
8470,7339812,2,0,4
8470,7360250,7,4,0x80220200,,0,0x1202f,3,2
8470,7387203,6,4,0
8470,7483296,2,0,4
8470,7503093,6,4,0
8470,7524843,2,0,4
8470,7544781,6,4,0
8470,7558484,2,0,4
8470,7578937,7,4,0x80220200,,0,0x1202f,3,2
8470,7605906,6,4,0
8470,7702796,2,0,4
8470,7722593,6,4,0
8470,7744359,2,0,4
8470,7764281,6,4,0
8470,7777984,2,0,4
8470,7798437,7,4,0x80220200,,0,0x1202f,3,2
8470,7825406,6,4,0
8470,7921484,2,0,4
8470,7941281,6,4,0
8470,7963031,2,0,4
8470,7982906,6,4,0
8470,7996625,2,0,4
8470,8017062,7,4,0x80220200,,0,0x1202f,3,2
8470,8044015,6,4,0
8470,8172265,2,0,4
8470,8194531,6,4,0
8470,8274500,2,0,4
8470,8296812,7,4,0x80220200,,0,0x1202f,3,2
8470,8323781,6,4,0
8470,8420609,2,0,4
8470,8442906,6,4,0
8470,8503484,2,0,4
8470,8525812,7,4,0x80220200,,0,0x1202f,3,2
8470,8552765,6,4,0
8470,8674046,2,0,4
8470,8696343,6,4,0
8470,8779218,2,0,4
8470,8801562,7,4,0x80220200,,0,0x1202f,3,2
8470,8828531,6,4,0
8470,8925421,2,0,4
8470,8947718,6,4,0
8470,9008312,2,0,4
8470,9030625,7,4,0x80220200,,0,0x1202f,3,2
8470,9057609,6,4,0
8470,9178859,2,0,4
8470,9201156,6,4,0
8470,9278984,2,0,4
8470,9301312,7,4,0x80220200,,0,0x1202f,3,2
8470,9328296,6,4,0
8470,9438171,2,0,4
8470,9460468,6,4,0
8470,9521046,2,0,4
8470,9543375,7,4,0x80220200,,0,0x1202f,3,2
8470,9570359,6,4,0
8470,9682265,2,0,4
8470,9704593,6,4,0
8470,9781703,2,0,4
8470,9804000,7,4,0x80220200,,0,0x1202f,3,2
8470,9830984,6,4,0
8470,9927796,2,0,4
8470,9950093,6,4,0
8480,12234,2,0,4
8480,34500,7,4,0x80220200,,0,0x1202f,3,2
8480,61453,6,4,0
8480,185671,2,0,4
8480,207968,6,4,0
8480,287921,2,0,4
8480,310187,7,4,0x80220200,,0,0x1202f,3,2
8480,337140,6,4,0
8480,433921,2,0,4
8480,456218,6,4,0
8480,516781,2,0,4
8480,539062,7,4,0x80220200,,0,0x1202f,3,2
8480,566015,6,4,0
8480,686140,2,0,4
8480,705906,6,4,0
8480,727640,2,0,4
8480,747531,6,4,0
8480,761234,2,0,4
8480,781687,7,4,0x80220200,,0,0x1202f,3,2
8480,808656,6,4,0
8480,904734,2,0,4
8480,924531,6,4,0
8480,946281,2,0,4
8480,966156,6,4,0
8480,979875,2,0,4
8480,1000312,7,4,0x80220200,,0,0x1202f,3,2
8480,1027265,6,4,0
8480,1124171,2,0,4
8480,1143968,6,4,0
8480,1165718,2,0,4
8480,1185656,6,4,0
8480,1199359,2,0,4
8480,1219812,7,4,0x80220200,,0,0x1202f,3,2
8480,1246781,6,4,0
8480,1342859,2,0,4
8480,1362656,6,4,0
8480,1384421,2,0,4
8480,1404343,6,4,0
8480,1418046,2,0,4
8480,1438500,7,4,0x80220200,,0,0x1202f,3,2
8480,1465468,6,4,0
8480,1595859,2,0,4
8480,1618156,6,4,0
8480,1695984,2,0,4
8480,1718312,7,4,0x80220200,,0,0x1202f,3,2
8480,1745265,6,4,0
8480,1842109,2,0,4
8480,1864406,6,4,0
8480,1924968,2,0,4
8480,1947250,7,4,0x80220200,,0,0x1202f,3,2
8480,1974218,6,4,0
8480,2100515,2,0,4
8480,2122781,6,4,0
8480,2200593,2,0,4
8480,2222937,7,4,0x80220200,,0,0x1202f,3,2
8480,2249906,6,4,0
8480,2346796,2,0,4
8480,2369093,6,4,0
8480,2429656,2,0,4
8480,2451937,7,4,0x80220200,,0,0x1202f,3,2
8480,2478890,6,4,0
8480,2603046,2,0,4
8480,2625343,6,4,0
8480,2705312,2,0,4
8480,2727625,7,4,0x80220200,,0,0x1202f,3,2
8480,2754593,6,4,0
8480,2864484,2,0,4
8480,2886781,6,4,0
8480,2947343,2,0,4
8480,2969687,7,4,0x80220200,,0,0x1202f,3,2
8480,2996640,6,4,0
8480,3105703,2,0,4
8480,3127968,6,4,0
8480,3210828,2,0,4
8480,3233125,7,4,0x80220200,,0,0x1202f,3,2
8480,3260078,6,4,0
8480,3356921,2,0,4
8480,3379218,6,4,0
8480,3439796,2,0,4
8480,3462125,7,4,0x80220200,,0,0x1202f,3,2
8480,3489093,6,4,0
8480,3610421,2,0,4
8480,3632718,6,4,0
8480,3710531,2,0,4
8480,3732875,7,4,0x80220200,,0,0x1202f,3,2
8480,3759843,6,4,0
8480,3856671,2,0,4
8480,3878968,6,4,0
8480,3939531,2,0,4
8480,3961812,7,4,0x80220200,,0,0x1202f,3,2
8480,3988765,6,4,0
8480,4113859,2,0,4
8480,4133656,6,4,0
8480,4155406,2,0,4
8480,4175281,6,4,0
8480,4189000,2,0,4
8480,4209437,7,4,0x80220200,,0,0x1202f,3,2
8480,4236390,6,4,0
8480,4332484,2,0,4
8480,4352281,6,4,0
8480,4374031,2,0,4
8480,4393968,6,4,0
8480,4407671,2,0,4
8480,4428125,7,4,0x80220200,,0,0x1202f,3,2
8480,4455093,6,4,0
8480,4551984,2,0,4
8480,4571781,6,4,0
8480,4593546,2,0,4
8480,4613468,6,4,0
8480,4627171,2,0,4
8480,4647625,7,4,0x80220200,,0,0x1202f,3,2
8480,4674593,6,4,0
8480,4770671,2,0,4
8480,4790468,6,4,0
8480,4812218,2,0,4
8480,4832093,6,4,0
8480,4845812,2,0,4
8480,4866250,7,4,0x80220200,,0,0x1202f,3,2
8480,4893203,6,4,0
8480,5021453,2,0,4
8480,5043718,6,4,0
8480,5121546,2,0,4
8480,5143875,7,4,0x80220200,,0,0x1202f,3,2
8480,5170828,6,4,0
8480,5267671,2,0,4
8480,5289968,6,4,0
8480,5350546,2,0,4
8480,5372875,7,4,0x80220200,,0,0x1202f,3,2
8480,5399843,6,4,0
8480,5523984,2,0,4
8480,5546281,6,4,0
8480,5628421,2,0,4
8480,5650750,7,4,0x80220200,,0,0x1202f,3,2
8480,5677703,6,4,0
8480,5774609,2,0,4
8480,5796906,6,4,0
8480,5857468,2,0,4
8480,5879750,7,4,0x80220200,,0,0x1202f,3,2
8480,5906718,6,4,0
8480,6027984,2,0,4
8480,6050281,6,4,0
8480,6128093,2,0,4
8480,6150375,7,4,0x80220200,,0,0x1202f,3,2
8480,6177343,6,4,0
8480,6287234,2,0,4
8480,6309531,6,4,0
8480,6370093,2,0,4
8480,6392375,7,4,0x80220200,,0,0x1202f,3,2
8480,6419343,6,4,0
8480,6531265,2,0,4
8480,6553531,6,4,0
8480,6635671,2,0,4
8480,6658000,7,4,0x80220200,,0,0x1202f,3,2
8480,6684968,6,4,0
8480,6781796,2,0,4
8480,6804093,6,4,0
8480,6864671,2,0,4
8480,6887000,7,4,0x80220200,,0,0x1202f,3,2
8480,6913953,6,4,0
8480,7035296,2,0,4
8480,7057593,6,4,0
8480,7135421,2,0,4
8480,7157750,7,4,0x80220200,,0,0x1202f,3,2
8480,7184703,6,4,0
8480,7281546,2,0,4
8480,7303843,6,4,0
8480,7364406,2,0,4
8480,7386687,7,4,0x80220200,,0,0x1202f,3,2
8480,7413656,6,4,0
8480,7538734,2,0,4
8480,7558468,6,4,0
8480,7580218,2,0,4
8480,7600156,6,4,0
8480,7613875,2,0,4
8480,7634312,7,4,0x80220200,,0,0x1202f,3,2
8480,7661265,6,4,0
8480,7757359,2,0,4
8480,7777156,6,4,0
8480,7798921,2,0,4
8480,7818781,6,4,0
8480,7832484,2,0,4
8480,7852937,7,4,0x80220200,,0,0x1202f,3,2
8480,7879906,6,4,0
8480,7976796,2,0,4
8480,7996593,6,4,0
8480,8018328,2,0,4
8480,8038218,6,4,0
8480,8051937,2,0,4
8480,8072375,7,4,0x80220200,,0,0x1202f,3,2
8480,8099328,6,4,0
8480,8195421,2,0,4
8480,8215218,6,4,0
8480,8236968,2,0,4
8480,8256906,6,4,0
8480,8270625,2,0,4
8480,8291062,7,4,0x80220200,,0,0x1202f,3,2
8480,8318015,6,4,0
8480,8443453,2,0,4
8480,8465718,6,4,0
8480,8548531,2,0,4
8480,8570812,7,4,0x80220200,,0,0x1202f,3,2
8480,8597781,6,4,0
8480,8694609,2,0,4
8480,8716906,6,4,0
8480,8777468,2,0,4
8480,8799812,7,4,0x80220200,,0,0x1202f,3,2
8480,8826781,6,4,0
8480,8948046,2,0,4
8480,8970343,6,4,0
8480,9048187,2,0,4
8480,9070500,7,4,0x80220200,,0,0x1202f,3,2
8480,9097468,6,4,0
8480,9194359,2,0,4
8480,9216656,6,4,0
8480,9277250,2,0,4
8480,9299562,7,4,0x80220200,,0,0x1202f,3,2
8480,9326546,6,4,0
8480,9452828,2,0,4
8480,9475093,6,4,0
8480,9552937,2,0,4
8480,9575250,7,4,0x80220200,,0,0x1202f,3,2
8480,9602218,6,4,0
8480,9712109,2,0,4
8480,9734406,6,4,0
8480,9795000,2,0,4
8480,9817312,7,4,0x80220200,,0,0x1202f,3,2
8480,9844296,6,4,0
8480,9951171,2,0,4
8480,9973468,6,4,0
8490,58078,2,0,4
8490,80375,7,4,0x80220200,,0,0x1202f,3,2
8490,107312,6,4,0
8490,204109,2,0,4
8490,226343,6,4,0
8490,286953,2,0,4
8490,309250,7,4,0x80220200,,0,0x1202f,3,2
8490,336203,6,4,0
8490,460359,2,0,4
8490,482593,6,4,0
8490,562546,2,0,4
8490,584875,7,4,0x80220200,,0,0x1202f,3,2
8490,611843,6,4,0
8490,708671,2,0,4
8490,730968,6,4,0
8490,791531,2,0,4
8490,813812,7,4,0x80220200,,0,0x1202f,3,2
8490,840765,6,4,0
8490,958671,2,0,4
8490,978468,6,4,0
8490,1000234,2,0,4
8490,1020156,6,4,0
8490,1033875,2,0,4
8490,1054312,7,4,0x80220200,,0,0x1202f,3,2
8490,1081265,6,4,0
8490,1177359,2,0,4
8490,1197156,6,4,0
8490,1218906,2,0,4
8490,1238843,6,4,0
8490,1252562,2,0,4
8490,1273000,7,4,0x80220200,,0,0x1202f,3,2
8490,1299953,6,4,0
8490,1396859,2,0,4
8490,1416656,6,4,0
8490,1438421,2,0,4
8490,1458343,6,4,0
8490,1472046,2,0,4
8490,1492500,7,4,0x80220200,,0,0x1202f,3,2
8490,1519468,6,4,0
8490,1615546,2,0,4
8490,1635343,6,4,0
8490,1657109,2,0,4
8490,1677031,6,4,0
8490,1690750,2,0,4
8490,1711187,7,4,0x80220200,,0,0x1202f,3,2
8490,1738140,6,4,0
8490,1868546,2,0,4
8490,1890843,6,4,0
8490,1968671,2,0,4
8490,1991000,7,4,0x80220200,,0,0x1202f,3,2
8490,2017953,6,4,0
8490,2114796,2,0,4
8490,2137093,6,4,0
8490,2197671,2,0,4
8490,2220000,7,4,0x80220200,,0,0x1202f,3,2
8490,2246968,6,4,0
8490,2368234,2,0,4
8490,2390531,6,4,0
8490,2475531,2,0,4
8490,2497875,7,4,0x80220200,,0,0x1202f,3,2
8490,2524828,6,4,0
8490,2621734,2,0,4
8490,2643968,6,4,0
8490,2704578,2,0,4
8490,2726875,7,4,0x80220200,,0,0x1202f,3,2
8490,2753843,6,4,0
8490,2872953,2,0,4
8490,2895218,6,4,0
8490,2977390,2,0,4
8490,2999687,7,4,0x80220200,,0,0x1202f,3,2
8490,3026656,6,4,0
8490,3136546,2,0,4
8490,3158843,6,4,0
8490,3219406,2,0,4
8490,3241687,7,4,0x80220200,,0,0x1202f,3,2
8490,3268640,6,4,0
8490,3380578,2,0,4
8490,3402843,6,4,0
8490,3482828,2,0,4
8490,3505125,7,4,0x80220200,,0,0x1202f,3,2
8490,3532078,6,4,0
8490,3628921,2,0,4
8490,3651218,6,4,0
8490,3711796,2,0,4
8490,3734125,7,4,0x80220200,,0,0x1202f,3,2
8490,3761093,6,4,0
8490,3882421,2,0,4
8490,3904718,6,4,0
8490,3984703,2,0,4
8490,4007000,7,4,0x80220200,,0,0x1202f,3,2
8490,4033953,6,4,0
8490,4130796,2,0,4
8490,4153031,6,4,0
8490,4213640,2,0,4
8490,4235937,7,4,0x80220200,,0,0x1202f,3,2
8490,4262906,6,4,0
8490,4385828,2,0,4
8490,4405593,6,4,0
8490,4427343,2,0,4
8490,4447281,6,4,0
8490,4461000,2,0,4
8490,4481437,7,4,0x80220200,,0,0x1202f,3,2
8490,4508390,6,4,0
8490,4604484,2,0,4
8490,4624281,6,4,0
8490,4646046,2,0,4
8490,4665968,6,4,0
8490,4679671,2,0,4
8490,4700125,7,4,0x80220200,,0,0x1202f,3,2
8490,4727093,6,4,0
8490,4823984,2,0,4
8490,4843781,6,4,0
8490,4865546,2,0,4
8490,4885468,6,4,0
8490,4899187,2,0,4
8490,4919625,7,4,0x80220200,,0,0x1202f,3,2
8490,4946578,6,4,0
8490,5042671,2,0,4
8490,5062468,6,4,0
8490,5084218,2,0,4
8490,5104156,6,4,0
8490,5117875,2,0,4
8490,5138312,7,4,0x80220200,,0,0x1202f,3,2
8490,5165265,6,4,0
8490,5290703,2,0,4
8490,5312968,6,4,0
8490,5397953,2,0,4
8490,5420250,7,4,0x80220200,,0,0x1202f,3,2
8490,5447218,6,4,0
8490,5544046,2,0,4
8490,5566343,6,4,0
8490,5626921,2,0,4
8490,5649250,7,4,0x80220200,,0,0x1202f,3,2
8490,5676203,6,4,0
8490,5797484,2,0,4
8490,5819781,6,4,0
8490,5897609,2,0,4
8490,5919937,7,4,0x80220200,,0,0x1202f,3,2
8490,5946890,6,4,0
8490,6043796,2,0,4
8490,6066093,6,4,0
8490,6126671,2,0,4
8490,6149000,7,4,0x80220200,,0,0x1202f,3,2
8490,6175968,6,4,0
8490,6300109,2,0,4
8490,6322406,6,4,0
8490,6402375,2,0,4
8490,6424687,7,4,0x80220200,,0,0x1202f,3,2
8490,6451640,6,4,0
8490,6561546,2,0,4
8490,6583843,6,4,0
8490,6644406,2,0,4
8490,6666687,7,4,0x80220200,,0,0x1202f,3,2
8490,6693656,6,4,0
8490,6802703,2,0,4
8490,6824968,6,4,0
8490,6907812,2,0,4
8490,6930125,7,4,0x80220200,,0,0x1202f,3,2
8490,6957093,6,4,0
8490,7053921,2,0,4
8490,7076218,6,4,0
8490,7136796,2,0,4
8490,7159125,7,4,0x80220200,,0,0x1202f,3,2
8490,7186078,6,4,0
8490,7305265,2,0,4
8490,7327531,6,4,0
8490,7412546,2,0,4
8490,7434875,7,4,0x80220200,,0,0x1202f,3,2
8490,7461828,6,4,0
8490,7558671,2,0,4
8490,7580968,6,4,0
8490,7641546,2,0,4
8490,7663875,7,4,0x80220200,,0,0x1202f,3,2
8490,7690843,6,4,0
8490,7810953,2,0,4
8490,7830718,6,4,0
8490,7852437,2,0,4
8490,7872343,6,4,0
8490,7886046,2,0,4
8490,7906500,7,4,0x80220200,,0,0x1202f,3,2
8490,7933468,6,4,0
8490,8029546,2,0,4
8490,8049343,6,4,0
8490,8071109,2,0,4
8490,8091031,6,4,0
8490,8104734,2,0,4
8490,8125187,7,4,0x80220200,,0,0x1202f,3,2
8490,8152156,6,4,0
8490,8249046,2,0,4
8490,8268843,6,4,0
8490,8290593,2,0,4
8490,8310468,6,4,0
8490,8324187,2,0,4
8490,8344625,7,4,0x80220200,,0,0x1202f,3,2
8490,8371578,6,4,0
8490,8467671,2,0,4
8490,8487468,6,4,0
8490,8509218,2,0,4
8490,8529156,6,4,0
8490,8542859,2,0,4
8490,8563312,7,4,0x80220200,,0,0x1202f,3,2
8490,8590281,6,4,0
8490,8718515,2,0,4
8490,8740781,6,4,0
8490,8820765,2,0,4
8490,8843125,7,4,0x80220200,,0,0x1202f,3,2
8490,8870109,6,4,0
8490,8966921,2,0,4
8490,8989218,6,4,0
8490,9049796,2,0,4
8490,9072125,7,4,0x80220200,,0,0x1202f,3,2
8490,9099093,6,4,0
8490,9220359,2,0,4
8490,9242656,6,4,0
8490,9325500,2,0,4
8490,9347812,7,4,0x80220200,,0,0x1202f,3,2
8490,9374796,6,4,0
8490,9471671,2,0,4
8490,9493968,6,4,0
8490,9554562,2,0,4
8490,9576875,7,4,0x80220200,,0,0x1202f,3,2
8490,9603843,6,4,0
8490,9722953,2,0,4
8490,9745218,6,4,0
8490,9830250,2,0,4
8490,9852562,7,4,0x80220200,,0,0x1202f,3,2
8490,9879531,6,4,0
8490,9989421,2,0,4
8500,17718,6,4,0
8500,79671,2,0,4
8500,101937,7,4,0x80220200,,0,0x1202f,3,2
8500,128890,6,4,0
8500,228609,2,0,4
8500,250843,6,4,0
8500,328656,2,0,4
8500,350937,7,4,0x80220200,,0,0x1202f,3,2
8500,377875,6,4,0
8500,474671,2,0,4
8500,496906,6,4,0
8500,557515,2,0,4
8500,579812,7,4,0x80220200,,0,0x1202f,3,2
8500,606781,6,4,0
8500,728109,2,0,4
8500,750406,6,4,0
8500,835406,2,0,4
8500,857750,7,4,0x80220200,,0,0x1202f,3,2
8500,884703,6,4,0
8500,981546,2,0,4
8500,1003843,6,4,0
8500,1064406,2,0,4
8500,1086687,7,4,0x80220200,,0,0x1202f,3,2
8500,1113656,6,4,0
8500,1236578,2,0,4
8500,1256343,6,4,0
8500,1278093,2,0,4
----
