

microT-Kernel Version 3.00

Task Tracer 1.00
Copyright (C) 2010-2022 Personal Media Corporation
A:   Server
B:   Vehicle
A+B: Test
Selected: Vehicle
Departure Time: 3000
Left intersection, flag set to 1
Reached next intersection, stopping tracking
(Required Time: 1200 ms)
Addtional waiting time: 800 ms
Left intersection, flag set to 1
Reached next intersection, stopping tracking
(Required Time: 2596 ms)
Addtional waiting time: 1404 ms
Start Left Turn
Left the line
New line found, stopping rotation
(Required Time: 768 ms)
Addtional waiting time: 2232 ms
Left intersection, flag set to 1
Reached next intersection, stopping tracking
(Required Time: 2343 ms)
Addtional waiting time: 1657 ms
Left intersection, flag set to 1
Reached next intersection, stopping tracking
(Required Time: 2921 ms)
Addtional waiting time: 1079 ms
åƒÇ—Ç‹Å[Ç∑
Start Left Turn
Left the line
New line found, stopping rotation
(Required Time: 597 ms)
Addtional waiting time: 2403 ms
Left intersection, flag set to 1
Reached next intersection, stopping tracking
(Required Time: 2517 ms)
Addtional waiting time: 1483 ms
Start Left Turn
Left the line
New line found, stopping rotation
(Required Time: 810 ms)
Addtional waiting time: 2190 ms
Left intersection, flag set to 1
Reached next intersection, stopping tracking
(Required Time: 1981 ms)
Addtional waiting time: 2019 ms
Left intersection, flag set to 1
Reached next intersection, stopping tracking
(Required Time: 2636 ms)
Addtional waiting time: 1364 ms
finish driving
----
2,2,4,2026,1
0,2,0,0x547874,2,0x11585
0,3,0,0x547874,2,0x11585
1,1,0x11499
1,3,0x11fb9
1,4,0x11fb9
1,10,0xece9
6550,165859,2,0,4
6550,185656,6,4,0
6550,207406,2,0,4
6550,227281,6,4,0
6550,240968,2,0,4
6550,261375,7,4,0x80220200,,0,0x1202f,3,2
6550,288328,6,4,0
6550,384359,2,0,4
6550,404156,6,4,0
6550,425890,2,0,4
6550,445781,6,4,0
6550,459484,2,0,4
6550,479875,7,4,0x80220200,,0,0x1202f,3,2
6550,506812,6,4,0
6570,2007140,1,0,2,0
6570,2022687,3,2,0x80370200,,0,0x115a7,1,0x2001b580
6570,2302875,2,2,1
6570,2316062,6,1,2
6570,2330265,4,2,0x80130100,,0x1168f,10
6570,2366656,1,2,0,4
6580,5665078,2,0,1
6580,5680812,7,1,0x80060100,,0,0x114d3,2
6580,5865000,6,1,0
9580,144984,2,0,4
9580,167218,6,4,0
9580,227828,2,0,4
9580,250125,7,4,0x80220200,,0,0x1202f,3,2
9580,277078,6,4,0
9580,403328,2,0,4
9580,425593,6,4,0
9580,503390,2,0,4
9580,525687,7,4,0x80220200,,0,0x1202f,3,2
9580,552609,6,4,0
9580,649421,2,0,4
9580,671718,6,4,0
9580,732281,2,0,4
9580,754562,7,4,0x80220200,,0,0x1202f,3,2
9580,781531,6,4,0
9580,905734,2,0,4
9580,928031,6,4,0
9580,1010156,2,0,4
9580,1032437,7,4,0x80220200,,0,0x1202f,3,2
9580,1059406,6,4,0
9580,1156234,2,0,4
9580,1178531,6,4,0
9580,1239109,2,0,4
9580,1261437,7,4,0x80220200,,0,0x1202f,3,2
9580,1288390,6,4,0
9580,4335984,2,0,4
9580,4355781,6,4,0
9580,4377531,2,0,4
9580,4397468,6,4,0
9580,4411171,2,0,4
9580,4431625,7,4,0x80220200,,0,0x1202f,3,2
9580,4458593,6,4,0
9580,4554671,2,0,4
9580,4574468,6,4,0
9580,4596234,2,0,4
9580,4616156,6,4,0
9580,4629859,2,0,4
9580,4650312,7,4,0x80220200,,0,0x1202f,3,2
9580,4677281,6,4,0
9580,4773359,2,0,4
9580,4793156,6,4,0
9580,4814906,2,0,4
9580,4834781,6,4,0
9580,4848500,2,0,4
9580,4868937,7,4,0x80220200,,0,0x1202f,3,2
9580,4895890,6,4,0
9580,4991984,2,0,4
9580,5011781,6,4,0
9580,5033531,2,0,4
9580,5053468,6,4,0
9580,5067171,2,0,4
9580,5087625,7,4,0x80220200,,0,0x1202f,3,2
9580,5114593,6,4,0
9580,5230609,2,0,4
9580,5252906,6,4,0
9580,5335031,2,0,4
9580,5357312,7,4,0x80220200,,0,0x1202f,3,2
9580,5384281,6,4,0
9580,5481109,2,0,4
9580,5503406,6,4,0
9580,5563984,2,0,4
9580,5586312,7,4,0x80220200,,0,0x1202f,3,2
9580,5613265,6,4,0
9580,5734546,2,0,4
9580,5756843,6,4,0
9580,5836828,2,0,4
9580,5859125,7,4,0x80220200,,0,0x1202f,3,2
9580,5886078,6,4,0
9580,5982984,2,0,4
9580,6005281,6,4,0
9580,6065859,2,0,4
9580,6088187,7,4,0x80220200,,0,0x1202f,3,2
9580,6115156,6,4,0
9580,6236421,2,0,4
9580,6258718,6,4,0
9580,6341562,2,0,4
9580,6363875,7,4,0x80220200,,0,0x1202f,3,2
9580,6390828,6,4,0
9580,6491546,2,0,4
9580,6511343,6,4,0
9580,6533093,2,0,4
9580,6553031,6,4,0
9580,6566750,2,0,4
9580,6587187,7,4,0x80220200,,0,0x1202f,3,2
9580,6614156,6,4,0
9580,6710234,2,0,4
9580,6730031,6,4,0
9580,6751796,2,0,4
9580,6771656,6,4,0
9580,6785359,2,0,4
9580,6805812,7,4,0x80220200,,0,0x1202f,3,2
9580,6832781,6,4,0
9580,6948328,2,0,4
9580,6968093,6,4,0
9580,6989812,2,0,4
9580,7009718,6,4,0
9580,7023437,2,0,4
9580,7043875,7,4,0x80220200,,0,0x1202f,3,2
9580,7070828,6,4,0
9580,7166921,2,0,4
9580,7186718,6,4,0
9580,7208484,2,0,4
9580,7228406,6,4,0
9580,7242109,2,0,4
9580,7262562,7,4,0x80220200,,0,0x1202f,3,2
9580,7289531,6,4,0
9580,7395484,2,0,4
9580,7417781,6,4,0
9580,7478343,2,0,4
9580,7500625,7,4,0x80220200,,0,0x1202f,3,2
9580,7527578,6,4,0
9580,7653890,2,0,4
9580,7676156,6,4,0
9580,7759000,2,0,4
9580,7781312,7,4,0x80220200,,0,0x1202f,3,2
9580,7808281,6,4,0
9580,7905109,2,0,4
9580,7927406,6,4,0
9580,7987984,2,0,4
9580,8010312,7,4,0x80220200,,0,0x1202f,3,2
9580,8037265,6,4,0
9580,8158609,2,0,4
9580,8180906,6,4,0
9580,8260890,2,0,4
9580,8283187,7,4,0x80220200,,0,0x1202f,3,2
9580,8310140,6,4,0
9580,8406984,2,0,4
9580,8429281,6,4,0
9580,8489859,2,0,4
9580,8512187,7,4,0x80220200,,0,0x1202f,3,2
9580,8539156,6,4,0
9580,8657171,2,0,4
9580,8676968,6,4,0
9580,8698734,2,0,4
9580,8718656,6,4,0
9580,8732375,2,0,4
9580,8752812,7,4,0x80220200,,0,0x1202f,3,2
9580,8779796,6,4,0
9580,8875921,2,0,4
9580,8895718,6,4,0
9580,8917500,2,0,4
9580,8937406,6,4,0
9580,8951125,2,0,4
9580,8971562,7,4,0x80220200,,0,0x1202f,3,2
9580,8998546,6,4,0
9580,9094609,2,0,4
9580,9114406,6,4,0
9580,9136171,2,0,4
9580,9156093,6,4,0
9580,9169828,2,0,4
9580,9190312,7,4,0x80220200,,0,0x1202f,3,2
9580,9217281,6,4,0
9580,9313359,2,0,4
9580,9333156,6,4,0
9580,9354921,2,0,4
9580,9374843,6,4,0
9580,9388562,2,0,4
9580,9409000,7,4,0x80220200,,0,0x1202f,3,2
9580,9435984,6,4,0
9580,9566421,2,0,4
9580,9588718,6,4,0
9580,9671578,2,0,4
9580,9693937,7,4,0x80220200,,0,0x1202f,3,2
9580,9720921,6,4,0
9580,9817734,2,0,4
9580,9840031,6,4,0
9580,9900609,2,0,4
9580,9922937,7,4,0x80220200,,0,0x1202f,3,2
9580,9949906,6,4,0
9590,71390,2,0,4
9590,93656,6,4,0
9590,171453,2,0,4
9590,193750,7,4,0x80220200,,0,0x1202f,3,2
9590,220703,6,4,0
9590,317546,2,0,4
9590,339843,6,4,0
9590,400390,2,0,4
9590,422687,7,4,0x80220200,,0,0x1202f,3,2
9590,449625,6,4,0
9590,573734,2,0,4
9590,596031,6,4,0
9590,678156,2,0,4
9590,700437,7,4,0x80220200,,0,0x1202f,3,2
9590,727406,6,4,0
9590,828171,2,0,4
9590,847968,6,4,0
9590,869734,2,0,4
9590,889656,6,4,0
9590,903375,2,0,4
9590,923812,7,4,0x80220200,,0,0x1202f,3,2
9590,950765,6,4,0
9590,1076328,2,0,4
9590,1096093,6,4,0
9590,1117859,2,0,4
9590,1137781,6,4,0
9590,1151484,2,0,4
9590,1171937,7,4,0x80220200,,0,0x1202f,3,2
9590,1198906,6,4,0
9590,1294984,2,0,4
9590,1314781,6,4,0
9590,1336531,2,0,4
9590,1356406,6,4,0
9590,1370125,2,0,4
9590,1390562,7,4,0x80220200,,0,0x1202f,3,2
9590,1417515,6,4,0
9590,1513609,2,0,4
9590,1533406,6,4,0
9590,1555156,2,0,4
9590,1575093,6,4,0
9590,1588796,2,0,4
9590,1609250,7,4,0x80220200,,0,0x1202f,3,2
9590,1636218,6,4,0
9590,1742171,2,0,4
9590,1764468,6,4,0
9590,1825046,2,0,4
9590,1847375,7,4,0x80220200,,0,0x1202f,3,2
9590,1874328,6,4,0
9590,1983390,2,0,4
9590,2005656,6,4,0
9590,2088515,2,0,4
9590,2110812,7,4,0x80220200,,0,0x1202f,3,2
9590,2137765,6,4,0
9590,2234609,2,0,4
9590,2256906,6,4,0
9590,2317468,2,0,4
9590,2339750,7,4,0x80220200,,0,0x1202f,3,2
9590,2366718,6,4,0
9590,2488046,2,0,4
9590,2510343,6,4,0
9590,2593187,2,0,4
9590,2615500,7,4,0x80220200,,0,0x1202f,3,2
9590,2642468,6,4,0
9590,2739296,2,0,4
9590,2761593,6,4,0
9590,2822156,2,0,4
9590,2844437,7,4,0x80220200,,0,0x1202f,3,2
9590,2871390,6,4,0
9590,2989421,2,0,4
9590,3009218,6,4,0
9590,3030984,2,0,4
9590,3050906,6,4,0
9590,3064625,2,0,4
9590,3085062,7,4,0x80220200,,0,0x1202f,3,2
9590,3112015,6,4,0
9590,3208109,2,0,4
9590,3227906,6,4,0
9590,3249656,2,0,4
9590,3269593,6,4,0
9590,3283312,2,0,4
9590,3303750,7,4,0x80220200,,0,0x1202f,3,2
9590,3330703,6,4,0
9590,3426796,2,0,4
9590,3446593,6,4,0
9590,3468359,2,0,4
9590,3488281,6,4,0
9590,3501984,2,0,4
9590,3522437,7,4,0x80220200,,0,0x1202f,3,2
9590,3549406,6,4,0
9590,3645484,2,0,4
9590,3665281,6,4,0
9590,3687046,2,0,4
9590,3706968,6,4,0
9590,3720687,2,0,4
9590,3741125,7,4,0x80220200,,0,0x1202f,3,2
9590,3768078,6,4,0
9590,3896328,2,0,4
9590,3918593,6,4,0
9590,3998578,2,0,4
9590,4020875,7,4,0x80220200,,0,0x1202f,3,2
9590,4047828,6,4,0
9590,4144671,2,0,4
9590,4166968,6,4,0
9590,4227546,2,0,4
9590,4249875,7,4,0x80220200,,0,0x1202f,3,2
9590,4276843,6,4,0
9590,4400984,2,0,4
9590,4423281,6,4,0
9590,4503250,2,0,4
9590,4525562,7,4,0x80220200,,0,0x1202f,3,2
9590,4552515,6,4,0
9590,4649421,2,0,4
9590,4671718,6,4,0
9590,4732281,2,0,4
9590,4754562,7,4,0x80220200,,0,0x1202f,3,2
9590,4781531,6,4,0
9590,4902796,2,0,4
9590,4925093,6,4,0
9590,5010093,2,0,4
9590,5032375,7,4,0x80220200,,0,0x1202f,3,2
9590,5059343,6,4,0
9590,5160109,2,0,4
9590,5179906,6,4,0
9590,5201656,2,0,4
9590,5221531,6,4,0
9590,5235250,2,0,4
9590,5255687,7,4,0x80220200,,0,0x1202f,3,2
9590,5282640,6,4,0
9590,5406046,2,0,4
9590,5425843,6,4,0
9590,5449765,2,0,4
9590,5469656,6,4,0
9590,5483359,2,0,4
9590,5503812,7,4,0x80220200,,0,0x1202f,3,2
9590,5530781,6,4,0
9590,5626859,2,0,4
9590,5646656,6,4,0
9590,5668406,2,0,4
9590,5688281,6,4,0
9590,5702000,2,0,4
9590,5722437,7,4,0x80220200,,0,0x1202f,3,2
9590,5749390,6,4,0
9590,5845484,2,0,4
9590,5865281,6,4,0
9590,5887031,2,0,4
9590,5906968,6,4,0
9590,5920671,2,0,4
9590,5941125,7,4,0x80220200,,0,0x1202f,3,2
9590,5968093,6,4,0
9590,6074046,2,0,4
9590,6096343,6,4,0
9590,6156890,2,0,4
9590,6179187,7,4,0x80220200,,0,0x1202f,3,2
9590,6206140,6,4,0
9590,6313046,2,0,4
9590,6335343,6,4,0
9590,6420359,2,0,4
9590,6442687,7,4,0x80220200,,0,0x1202f,3,2
9590,6469640,6,4,0
9590,6566484,2,0,4
9590,6588781,6,4,0
9590,6649359,2,0,4
9590,6671687,7,4,0x80220200,,0,0x1202f,3,2
9590,6698656,6,4,0
9590,6819984,2,0,4
9590,6842281,6,4,0
9590,6922265,2,0,4
9590,6944562,7,4,0x80220200,,0,0x1202f,3,2
9590,6971531,6,4,0
9590,7068359,2,0,4
9590,7090656,6,4,0
9590,7151218,2,0,4
9590,7173500,7,4,0x80220200,,0,0x1202f,3,2
9590,7200453,6,4,0
9590,7318484,2,0,4
9590,7338281,6,4,0
9590,7360046,2,0,4
9590,7379968,6,4,0
9590,7393687,2,0,4
9590,7414125,7,4,0x80220200,,0,0x1202f,3,2
9590,7441078,6,4,0
9590,7537171,2,0,4
9590,7556906,6,4,0
9590,7578656,2,0,4
9590,7598593,6,4,0
9590,7612312,2,0,4
9590,7632750,7,4,0x80220200,,0,0x1202f,3,2
9590,7659703,6,4,0
9590,7755796,2,0,4
9590,7775593,6,4,0
9590,7797359,2,0,4
9590,7817281,6,4,0
9590,7830984,2,0,4
9590,7851437,7,4,0x80220200,,0,0x1202f,3,2
9590,7878406,6,4,0
9590,7974484,2,0,4
9590,7994281,6,4,0
9590,8016046,2,0,4
9590,8035968,6,4,0
9590,8049687,2,0,4
9590,8070125,7,4,0x80220200,,0,0x1202f,3,2
9590,8097078,6,4,0
9590,8230359,2,0,4
9590,8252656,6,4,0
9590,8329765,2,0,4
9590,8352062,7,4,0x80220200,,0,0x1202f,3,2
9590,8379015,6,4,0
9590,8475859,2,0,4
9590,8498156,6,4,0
9590,8558734,2,0,4
9590,8581062,7,4,0x80220200,,0,0x1202f,3,2
9590,8608031,6,4,0
9590,8732171,2,0,4
9590,8754468,6,4,0
9590,8834468,2,0,4
9590,8856812,7,4,0x80220200,,0,0x1202f,3,2
9590,8883781,6,4,0
9590,8980671,2,0,4
9590,9002968,6,4,0
9590,9063546,2,0,4
9590,9085875,7,4,0x80220200,,0,0x1202f,3,2
9590,9112859,6,4,0
9590,9234109,2,0,4
9590,9256406,6,4,0
9590,9336390,2,0,4
9590,9358687,7,4,0x80220200,,0,0x1202f,3,2
9590,9385671,6,4,0
9590,9486421,2,0,4
9590,9506218,6,4,0
9590,9527984,2,0,4
9590,9547906,6,4,0
9590,9561640,2,0,4
9590,9582125,7,4,0x80220200,,0,0x1202f,3,2
9590,9609093,6,4,0
9590,9739671,2,0,4
9590,9759468,6,4,0
9590,9781250,2,0,4
9590,9801156,6,4,0
9590,9814890,2,0,4
9590,9835375,7,4,0x80220200,,0,0x1202f,3,2
9590,9862343,6,4,0
9590,9958421,2,0,4
9590,9978218,6,4,0
9590,10001015,2,0,4
9600,26406,6,4,0
9600,40062,2,0,4
9600,60500,7,4,0x80220200,,0,0x1202f,3,2
9600,87453,6,4,0
9600,183484,2,0,4
9600,203281,6,4,0
9600,225015,2,0,4
9600,244906,6,4,0
9600,258609,2,0,4
9600,279062,7,4,0x80220200,,0,0x1202f,3,2
9600,306000,6,4,0
9600,443546,2,0,4
9600,465843,6,4,0
9600,548671,2,0,4
9600,571000,7,4,0x80220200,,0,0x1202f,3,2
9600,597968,6,4,0
9600,694796,2,0,4
9600,717093,6,4,0
9600,777671,2,0,4
9600,800000,7,4,0x80220200,,0,0x1202f,3,2
9600,826953,6,4,0
9600,946078,2,0,4
9600,968343,6,4,0
9600,1053359,2,0,4
9600,1075687,7,4,0x80220200,,0,0x1202f,3,2
9600,1102640,6,4,0
9600,1199546,2,0,4
9600,1221843,6,4,0
9600,1282421,2,0,4
9600,1304750,7,4,0x80220200,,0,0x1202f,3,2
9600,1331718,6,4,0
9600,1448015,2,0,4
9600,1470281,6,4,0
9600,1555265,2,0,4
9600,1577562,7,4,0x80220200,,0,0x1202f,3,2
9600,1604515,6,4,0
9600,1705296,2,0,4
9600,1725031,6,4,0
9600,1746781,2,0,4
9600,1766718,6,4,0
9600,1780437,2,0,4
9600,1800875,7,4,0x80220200,,0,0x1202f,3,2
9600,1827828,6,4,0
9600,1955546,2,0,4
9600,1975343,6,4,0
9600,1997093,2,0,4
9600,2016968,6,4,0
9600,2030687,2,0,4
9600,2051125,7,4,0x80220200,,0,0x1202f,3,2
9600,2078078,6,4,0
9600,2174171,2,0,4
9600,2193968,6,4,0
9600,2215718,2,0,4
9600,2235656,6,4,0
9600,2249359,2,0,4
9600,2269812,7,4,0x80220200,,0,0x1202f,3,2
9600,2296781,6,4,0
9600,2392859,2,0,4
9600,2412656,6,4,0
9600,2434421,2,0,4
9600,2454343,6,4,0
9600,2468046,2,0,4
9600,2488500,7,4,0x80220200,,0,0x1202f,3,2
9600,2515468,6,4,0
9600,2621421,2,0,4
9600,2643718,6,4,0
9600,2704281,2,0,4
9600,2726562,7,4,0x80220200,,0,0x1202f,3,2
9600,2753531,6,4,0
9600,2857578,2,0,4
9600,2879843,6,4,0
9600,2964859,2,0,4
9600,2987187,7,4,0x80220200,,0,0x1202f,3,2
9600,3014156,6,4,0
9600,3110984,2,0,4
9600,3133281,6,4,0
9600,3193859,2,0,4
9600,3216187,7,4,0x80220200,,0,0x1202f,3,2
9600,3243140,6,4,0
9600,3362328,2,0,4
9600,3384593,6,4,0
9600,3469609,2,0,4
9600,3491937,7,4,0x80220200,,0,0x1202f,3,2
9600,3518890,6,4,0
9600,3615734,2,0,4
9600,3638031,6,4,0
9600,3698593,2,0,4
9600,3720875,7,4,0x80220200,,0,0x1202f,3,2
9600,3747843,6,4,0
9600,3868078,2,0,4
9600,3887843,6,4,0
9600,3909562,2,0,4
9600,3929468,6,4,0
9600,3943187,2,0,4
9600,3963625,7,4,0x80220200,,0,0x1202f,3,2
9600,3990578,6,4,0
9600,4086671,2,0,4
9600,4106468,6,4,0
9600,4128234,2,0,4
9600,4148156,6,4,0
9600,4161859,2,0,4
9600,4182312,7,4,0x80220200,,0,0x1202f,3,2
9600,4209281,6,4,0
9600,4305359,2,0,4
9600,4325156,6,4,0
9600,4346921,2,0,4
9600,4366843,6,4,0
9600,4380562,2,0,4
9600,4401000,7,4,0x80220200,,0,0x1202f,3,2
9600,4427953,6,4,0
9600,4524046,2,0,4
9600,4543781,6,4,0
9600,4565531,2,0,4
9600,4585468,6,4,0
9600,4599187,2,0,4
9600,4619625,7,4,0x80220200,,0,0x1202f,3,2
9600,4646578,6,4,0
9600,4772015,2,0,4
9600,4794281,6,4,0
9600,4879265,2,0,4
9600,4901562,7,4,0x80220200,,0,0x1202f,3,2
9600,4928531,6,4,0
9600,5025359,2,0,4
9600,5047656,6,4,0
9600,5108203,2,0,4
9600,5130500,7,4,0x80220200,,0,0x1202f,3,2
9600,5157453,6,4,0
9600,5278734,2,0,4
9600,5301031,6,4,0
9600,5381015,2,0,4
9600,5403312,7,4,0x80220200,,0,0x1202f,3,2
9600,5430265,6,4,0
9600,5527171,2,0,4
9600,5549468,6,4,0
9600,5610046,2,0,4
9600,5632375,7,4,0x80220200,,0,0x1202f,3,2
9600,5659343,6,4,0
9600,5783484,2,0,4
9600,5805781,6,4,0
9600,5885765,2,0,4
9600,5908062,7,4,0x80220200,,0,0x1202f,3,2
9600,5935015,6,4,0
9600,6035796,2,0,4
9600,6055593,6,4,0
9600,6077343,2,0,4
9600,6097281,6,4,0
9600,6110984,2,0,4
9600,6131437,7,4,0x80220200,,0,0x1202f,3,2
9600,6158406,6,4,0
9600,6286109,2,0,4
9600,6305906,6,4,0
9600,6327656,2,0,4
9600,6347593,6,4,0
9600,6361312,2,0,4
9600,6381750,7,4,0x80220200,,0,0x1202f,3,2
9600,6408703,6,4,0
9600,6504796,2,0,4
9600,6524593,6,4,0
9600,6546359,2,0,4
9600,6566281,6,4,0
9600,6579984,2,0,4
9600,6600437,7,4,0x80220200,,0,0x1202f,3,2
9600,6627406,6,4,0
9600,6723484,2,0,4
9600,6743281,6,4,0
9600,6765046,2,0,4
9600,6784968,6,4,0
9600,6798687,2,0,4
9600,6819125,7,4,0x80220200,,0,0x1202f,3,2
9600,6846078,6,4,0
9600,6952046,2,0,4
9600,6974343,6,4,0
9600,7034906,2,0,4
9600,7057187,7,4,0x80220200,,0,0x1202f,3,2
9600,7084156,6,4,0
9600,7188203,2,0,4
9600,7210468,6,4,0
9600,7295453,2,0,4
9600,7317750,7,4,0x80220200,,0,0x1202f,3,2
9600,7344718,6,4,0
9600,7441546,2,0,4
9600,7463843,6,4,0
9600,7524421,2,0,4
9600,7546750,7,4,0x80220200,,0,0x1202f,3,2
9600,7573703,6,4,0
9600,7692890,2,0,4
9600,7715156,6,4,0
9600,7800171,2,0,4
9600,7822437,7,4,0x80220200,,0,0x1202f,3,2
9600,7849390,6,4,0
9600,7946234,2,0,4
9600,7968531,6,4,0
9600,8029109,2,0,4
9600,8051437,7,4,0x80220200,,0,0x1202f,3,2
9600,8078406,6,4,0
9600,8198640,2,0,4
9600,8218406,6,4,0
9600,8240125,2,0,4
9600,8260031,6,4,0
9600,8273734,2,0,4
9600,8294187,7,4,0x80220200,,0,0x1202f,3,2
9600,8321156,6,4,0
9600,8417234,2,0,4
9600,8437031,6,4,0
9600,8458796,2,0,4
9600,8478718,6,4,0
9600,8492421,2,0,4
9600,8512875,7,4,0x80220200,,0,0x1202f,3,2
9600,8539843,6,4,0
9600,8635921,2,0,4
9600,8655718,6,4,0
9600,8677484,2,0,4
9600,8697406,6,4,0
9600,8711140,2,0,4
9600,8731625,7,4,0x80220200,,0,0x1202f,3,2
9600,8758593,6,4,0
9600,8854671,2,0,4
9600,8874468,6,4,0
9600,8896234,2,0,4
9600,8916156,6,4,0
9600,8929875,2,0,4
9600,8950312,7,4,0x80220200,,0,0x1202f,3,2
9600,8977296,6,4,0
9600,9102765,2,0,4
9600,9125093,6,4,0
9600,9210078,2,0,4
9600,9232437,7,4,0x80220200,,0,0x1202f,3,2
9600,9259421,6,4,0
9600,9356234,2,0,4
9600,9378531,6,4,0
9600,9439109,2,0,4
9600,9461437,7,4,0x80220200,,0,0x1202f,3,2
9600,9488406,6,4,0
9600,9609671,2,0,4
9600,9631968,6,4,0
9600,9711968,2,0,4
9600,9734312,7,4,0x80220200,,0,0x1202f,3,2
9600,9761296,6,4,0
9600,9858234,2,0,4
9600,9880531,6,4,0
9600,9941125,2,0,4
9600,9963437,7,4,0x80220200,,0,0x1202f,3,2
9600,9990390,6,4,0
9610,112203,2,0,4
9610,134468,6,4,0
9610,217265,2,0,4
9610,239562,7,4,0x80220200,,0,0x1202f,3,2
9610,266515,6,4,0
9610,367234,2,0,4
9610,387031,6,4,0
9610,408781,2,0,4
9610,428656,6,4,0
9610,442359,2,0,4
9610,462812,7,4,0x80220200,,0,0x1202f,3,2
9610,489750,6,4,0
9610,613109,2,0,4
9610,632906,6,4,0
9610,656828,2,0,4
9610,676718,6,4,0
9610,690421,2,0,4
9610,710875,7,4,0x80220200,,0,0x1202f,3,2
9610,737843,6,4,0
9610,833921,2,0,4
9610,853718,6,4,0
9610,875453,2,0,4
9610,895343,6,4,0
9610,909062,2,0,4
9610,929500,7,4,0x80220200,,0,0x1202f,3,2
9610,956453,6,4,0
9610,1052546,2,0,4
9610,1072343,6,4,0
9610,1094093,2,0,4
9610,1114031,6,4,0
9610,1127750,2,0,4
9610,1148187,7,4,0x80220200,,0,0x1202f,3,2
9610,1175156,6,4,0
9610,1281109,2,0,4
9610,1303406,6,4,0
9610,1363984,2,0,4
9610,1386312,7,4,0x80220200,,0,0x1202f,3,2
9610,1413265,6,4,0
9610,1522328,2,0,4
9610,1544593,6,4,0
9610,1627453,2,0,4
9610,1649750,7,4,0x80220200,,0,0x1202f,3,2
9610,1676703,6,4,0
9610,1773546,2,0,4
9610,1795843,6,4,0
9610,1856406,2,0,4
9610,1878687,7,4,0x80220200,,0,0x1202f,3,2
9610,1905656,6,4,0
9610,2022015,2,0,4
9610,2044281,6,4,0
9610,2127093,2,0,4
9610,2149375,7,4,0x80220200,,0,0x1202f,3,2
9610,2176343,6,4,0
9610,2273171,2,0,4
9610,2295468,6,4,0
9610,2356015,2,0,4
9610,2378312,7,4,0x80220200,,0,0x1202f,3,2
9610,2405265,6,4,0
9610,2530484,2,0,4
9610,2550281,6,4,0
9610,2572046,2,0,4
9610,2591968,6,4,0
9610,2605687,2,0,4
9610,2626125,7,4,0x80220200,,0,0x1202f,3,2
9610,2653078,6,4,0
9610,2749171,2,0,4
9610,2768968,6,4,0
9610,2790718,2,0,4
9610,2810656,6,4,0
9610,2824375,2,0,4
9610,2844812,7,4,0x80220200,,0,0x1202f,3,2
9610,2871765,6,4,0
9610,2967859,2,0,4
9610,2987656,6,4,0
9610,3009421,2,0,4
9610,3029343,6,4,0
9610,3043046,2,0,4
9610,3063500,7,4,0x80220200,,0,0x1202f,3,2
9610,3090468,6,4,0
9610,3186546,2,0,4
9610,3206343,6,4,0
9610,3228109,2,0,4
9610,3248031,6,4,0
9610,3261750,2,0,4
9610,3282187,7,4,0x80220200,,0,0x1202f,3,2
9610,3309140,6,4,0
9610,3430203,2,0,4
9610,3452468,6,4,0
9610,3534609,2,0,4
9610,3556937,7,4,0x80220200,,0,0x1202f,3,2
9610,3583890,6,4,0
9610,3680734,2,0,4
9610,3703031,6,4,0
9610,3763593,2,0,4
9610,3785875,7,4,0x80220200,,0,0x1202f,3,2
9610,3812843,6,4,0
9610,3934109,2,0,4
9610,3956343,6,4,0
9610,4036390,2,0,4
9610,4058687,7,4,0x80220200,,0,0x1202f,3,2
9610,4085656,6,4,0
9610,4182484,2,0,4
9610,4204781,6,4,0
9610,4265343,2,0,4
9610,4287625,7,4,0x80220200,,0,0x1202f,3,2
9610,4314578,6,4,0
9610,4435859,2,0,4
9610,4458156,6,4,0
9610,4540984,2,0,4
9610,4563312,7,4,0x80220200,,0,0x1202f,3,2
9610,4590281,6,4,0
9610,4691046,2,0,4
9610,4710843,6,4,0
9610,4732609,2,0,4
9610,4752531,6,4,0
9610,4766250,2,0,4
9610,4786687,7,4,0x80220200,,0,0x1202f,3,2
9610,4813640,6,4,0
9610,4909734,2,0,4
9610,4929531,6,4,0
9610,4951281,2,0,4
9610,4971218,6,4,0
9610,4984937,2,0,4
9610,5005375,7,4,0x80220200,,0,0x1202f,3,2
9610,5032328,6,4,0
9610,5147890,2,0,4
9610,5167656,6,4,0
9610,5189390,2,0,4
9610,5209281,6,4,0
9610,5222984,2,0,4
9610,5243437,7,4,0x80220200,,0,0x1202f,3,2
9610,5270375,6,4,0
9610,5366421,2,0,4
9610,5386218,6,4,0
9610,5407968,2,0,4
9610,5427906,6,4,0
9610,5441625,2,0,4
9610,5462062,7,4,0x80220200,,0,0x1202f,3,2
9610,5489015,6,4,0
9610,5594984,2,0,4
9610,5617281,6,4,0
9610,5677859,2,0,4
9610,5700187,7,4,0x80220200,,0,0x1202f,3,2
9610,5727156,6,4,0
9610,5851296,2,0,4
9610,5873593,6,4,0
9610,5955734,2,0,4
9610,5978062,7,4,0x80220200,,0,0x1202f,3,2
9610,6005015,6,4,0
9610,6101859,2,0,4
9610,6124156,6,4,0
9610,6184718,2,0,4
9610,6207000,7,4,0x80220200,,0,0x1202f,3,2
9610,6233968,6,4,0
9610,6355296,2,0,4
9610,6377593,6,4,0
9610,6460437,2,0,4
9610,6482750,7,4,0x80220200,,0,0x1202f,3,2
9610,6509718,6,4,0
9610,6606546,2,0,4
9610,6628843,6,4,0
9610,6689406,2,0,4
9610,6711687,7,4,0x80220200,,0,0x1202f,3,2
9610,6738640,6,4,0
9610,6858890,2,0,4
9610,6878656,6,4,0
9610,6900390,2,0,4
9610,6920281,6,4,0
9610,6934000,2,0,4
9610,6954437,7,4,0x80220200,,0,0x1202f,3,2
9610,6981390,6,4,0
9610,7077484,2,0,4
9610,7097281,6,4,0
9610,7119031,2,0,4
9610,7138968,6,4,0
9610,7152687,2,0,4
9610,7173125,7,4,0x80220200,,0,0x1202f,3,2
9610,7200078,6,4,0
9610,7296171,2,0,4
9610,7315968,6,4,0
9610,7337734,2,0,4
9610,7357656,6,4,0
9610,7371359,2,0,4
9610,7391812,7,4,0x80220200,,0,0x1202f,3,2
9610,7418781,6,4,0
9610,7514859,2,0,4
9610,7534656,6,4,0
9610,7556421,2,0,4
9610,7576343,6,4,0
9610,7590062,2,0,4
9610,7610500,7,4,0x80220200,,0,0x1202f,3,2
9610,7637453,6,4,0
9610,7765703,2,0,4
9610,7787968,6,4,0
9610,7870140,2,0,4
9610,7892437,7,4,0x80220200,,0,0x1202f,3,2
9610,7919390,6,4,0
9610,8016234,2,0,4
9610,8038531,6,4,0
9610,8099109,2,0,4
9610,8121437,7,4,0x80220200,,0,0x1202f,3,2
9610,8148406,6,4,0
9610,8269671,2,0,4
9610,8291968,6,4,0
9610,8374828,2,0,4
9610,8397125,7,4,0x80220200,,0,0x1202f,3,2
9610,8424078,6,4,0
9610,8520984,2,0,4
9610,8543218,6,4,0
9610,8603828,2,0,4
9610,8626125,7,4,0x80220200,,0,0x1202f,3,2
9610,8653109,6,4,0
9610,8774359,2,0,4
9610,8796656,6,4,0
9610,8876640,2,0,4
9610,8898937,7,4,0x80220200,,0,0x1202f,3,2
9610,8925921,6,4,0
9610,9026671,2,0,4
9610,9046468,6,4,0
9610,9068234,2,0,4
9610,9088156,6,4,0
9610,9101890,2,0,4
9610,9122375,7,4,0x80220200,,0,0x1202f,3,2
9610,9149343,6,4,0
9610,9277046,2,0,4
9610,9296843,6,4,0
9610,9318625,2,0,4
9610,9338531,6,4,0
9610,9352250,2,0,4
9610,9372687,7,4,0x80220200,,0,0x1202f,3,2
9610,9399640,6,4,0
9610,9495734,2,0,4
9610,9515531,6,4,0
9610,9537296,2,0,4
9610,9557218,6,4,0
9610,9570953,2,0,4
9610,9591375,7,4,0x80220200,,0,0x1202f,3,2
9610,9618343,6,4,0
9610,9714421,2,0,4
9610,9734218,6,4,0
9610,9756000,2,0,4
9610,9775906,6,4,0
9610,9789625,2,0,4
9610,9810062,7,4,0x80220200,,0,0x1202f,3,2
9610,9837046,6,4,0
9610,9942984,2,0,4
9610,9965281,6,4,0
9620,26109,2,0,4
9620,48375,7,4,0x80220200,,0,0x1202f,3,2
9620,75328,6,4,0
9620,184328,2,0,4
9620,206593,6,4,0
9620,284390,2,0,4
9620,306687,7,4,0x80220200,,0,0x1202f,3,2
9620,333640,6,4,0
9620,430421,2,0,4
9620,452718,6,4,0
9620,513281,2,0,4
9620,535562,7,4,0x80220200,,0,0x1202f,3,2
9620,562500,6,4,0
9620,686734,2,0,4
9620,709031,6,4,0
9620,789015,2,0,4
9620,811312,7,4,0x80220200,,0,0x1202f,3,2
9620,838265,6,4,0
9620,935109,2,0,4
9620,957406,6,4,0
9620,1017984,2,0,4
9620,1040312,7,4,0x80220200,,0,0x1202f,3,2
9620,1067281,6,4,0
9620,1190328,2,0,4
9620,1210093,6,4,0
9620,1231843,2,0,4
9620,1251781,6,4,0
9620,1265484,2,0,4
9620,1285937,7,4,0x80220200,,0,0x1202f,3,2
9620,1312906,6,4,0
9620,1408984,2,0,4
9620,1428781,6,4,0
9620,1450546,2,0,4
9620,1470468,6,4,0
9620,1484171,2,0,4
9620,1504625,7,4,0x80220200,,0,0x1202f,3,2
9620,1531593,6,4,0
9620,1627671,2,0,4
9620,1647468,6,4,0
9620,1669218,2,0,4
9620,1689093,6,4,0
9620,1702812,2,0,4
9620,1723250,7,4,0x80220200,,0,0x1202f,3,2
9620,1750203,6,4,0
9620,1846296,2,0,4
9620,1866093,6,4,0
9620,1887843,2,0,4
9620,1907781,6,4,0
9620,1921484,2,0,4
9620,1941937,7,4,0x80220200,,0,0x1202f,3,2
9620,1968906,6,4,0
9620,2097140,2,0,4
9620,2119406,6,4,0
9620,2201578,2,0,4
9620,2223875,7,4,0x80220200,,0,0x1202f,3,2
9620,2250843,6,4,0
9620,2347671,2,0,4
9620,2369968,6,4,0
9620,2430531,2,0,4
9620,2452812,7,4,0x80220200,,0,0x1202f,3,2
9620,2479765,6,4,0
9620,2601046,2,0,4
9620,2623343,6,4,0
9620,2706171,2,0,4
9620,2728500,7,4,0x80220200,,0,0x1202f,3,2
9620,2755468,6,4,0
9620,2852359,2,0,4
9620,2874656,6,4,0
9620,2935234,2,0,4
9620,2957562,7,4,0x80220200,,0,0x1202f,3,2
9620,2984515,6,4,0
9620,3103640,2,0,4
9620,3125906,6,4,0
9620,3208078,2,0,4
9620,3230375,7,4,0x80220200,,0,0x1202f,3,2
9620,3257328,6,4,0
9620,3358109,2,0,4
9620,3377906,6,4,0
9620,3399671,2,0,4
9620,3419593,6,4,0
9620,3433296,2,0,4
9620,3453750,7,4,0x80220200,,0,0x1202f,3,2
9620,3480718,6,4,0
9620,3608421,2,0,4
9620,3628218,6,4,0
9620,3649968,2,0,4
9620,3669906,6,4,0
9620,3683625,2,0,4
9620,3704062,7,4,0x80220200,,0,0x1202f,3,2
9620,3731031,6,4,0
9620,3827109,2,0,4
9620,3846906,6,4,0
9620,3868671,2,0,4
9620,3888531,6,4,0
9620,3902234,2,0,4
9620,3922687,7,4,0x80220200,,0,0x1202f,3,2
9620,3949656,6,4,0
9620,4045734,2,0,4
9620,4065531,6,4,0
9620,4087281,2,0,4
9620,4107156,6,4,0
9620,4120875,2,0,4
9620,4141312,7,4,0x80220200,,0,0x1202f,3,2
9620,4168265,6,4,0
9620,4274234,2,0,4
9620,4296531,6,4,0
9620,4357109,2,0,4
9620,4379437,7,4,0x80220200,,0,0x1202f,3,2
9620,4406406,6,4,0
9620,4510453,2,0,4
9620,4532718,6,4,0
9620,4617718,2,0,4
9620,4640000,7,4,0x80220200,,0,0x1202f,3,2
9620,4666968,6,4,0
9620,4763796,2,0,4
9620,4786093,6,4,0
9620,4846640,2,0,4
9620,4868937,7,4,0x80220200,,0,0x1202f,3,2
9620,4895890,6,4,0
9620,5017234,2,0,4
9620,5039531,6,4,0
9620,5122390,2,0,4
9620,5144687,7,4,0x80220200,,0,0x1202f,3,2
9620,5171640,6,4,0
9620,5268484,2,0,4
9620,5290781,6,4,0
9620,5351359,2,0,4
9620,5373687,7,4,0x80220200,,0,0x1202f,3,2
9620,5400656,6,4,0
9620,5520890,2,0,4
9620,5540656,6,4,0
9620,5562390,2,0,4
9620,5582281,6,4,0
9620,5595984,2,0,4
9620,5616437,7,4,0x80220200,,0,0x1202f,3,2
9620,5643406,6,4,0
9620,5739484,2,0,4
9620,5759281,6,4,0
9620,5781046,2,0,4
9620,5800968,6,4,0
9620,5814687,2,0,4
9620,5835125,7,4,0x80220200,,0,0x1202f,3,2
9620,5862078,6,4,0
9620,5958171,2,0,4
9620,5977968,6,4,0
9620,5999718,2,0,4
9620,6019656,6,4,0
9620,6033375,2,0,4
9620,6053812,7,4,0x80220200,,0,0x1202f,3,2
9620,6080765,6,4,0
9620,6176859,2,0,4
9620,6196656,6,4,0
9620,6218421,2,0,4
9620,6238343,6,4,0
9620,6252046,2,0,4
9620,6272500,7,4,0x80220200,,0,0x1202f,3,2
9620,6299468,6,4,0
9620,6427703,2,0,4
9620,6449968,6,4,0
9620,6532140,2,0,4
9620,6554437,7,4,0x80220200,,0,0x1202f,3,2
9620,6581375,6,4,0
9620,6678171,2,0,4
9620,6700468,6,4,0
9620,6761031,2,0,4
9620,6783312,7,4,0x80220200,,0,0x1202f,3,2
9620,6810265,6,4,0
9620,6931546,2,0,4
9620,6953843,6,4,0
9620,7036687,2,0,4
9620,7059000,7,4,0x80220200,,0,0x1202f,3,2
9620,7085968,6,4,0
9620,7182859,2,0,4
9620,7205156,6,4,0
9620,7265734,2,0,4
9620,7288062,7,4,0x80220200,,0,0x1202f,3,2
9620,7315015,6,4,0
9620,7436296,2,0,4
9620,7458593,6,4,0
9620,7538578,2,0,4
9620,7560875,7,4,0x80220200,,0,0x1202f,3,2
9620,7587828,6,4,0
9620,7688609,2,0,4
9620,7708406,6,4,0
9620,7730171,2,0,4
9620,7750093,6,4,0
9620,7763796,2,0,4
9620,7784250,7,4,0x80220200,,0,0x1202f,3,2
9620,7811218,6,4,0
9620,7938921,2,0,4
9620,7958718,6,4,0
9620,7980468,2,0,4
9620,8000406,6,4,0
9620,8014109,2,0,4
9620,8034562,7,4,0x80220200,,0,0x1202f,3,2
9620,8061531,6,4,0
9620,8157609,2,0,4
9620,8177406,6,4,0
9620,8199171,2,0,4
9620,8219093,6,4,0
9620,8232796,2,0,4
9620,8253250,7,4,0x80220200,,0,0x1202f,3,2
9620,8280218,6,4,0
9620,8376296,2,0,4
9620,8396093,6,4,0
9620,8417843,2,0,4
9620,8437718,6,4,0
9620,8451437,2,0,4
9620,8471875,7,4,0x80220200,,0,0x1202f,3,2
9620,8498828,6,4,0
9620,8604796,2,0,4
9620,8627093,6,4,0
9620,8687687,2,0,4
9620,8710000,7,4,0x80220200,,0,0x1202f,3,2
9620,8736984,6,4,0
9620,8841015,2,0,4
9620,8863343,6,4,0
9620,8948359,2,0,4
9620,8970687,7,4,0x80220200,,0,0x1202f,3,2
9620,8997671,6,4,0
9620,9094484,2,0,4
9620,9116781,6,4,0
9620,9177359,2,0,4
9620,9199687,7,4,0x80220200,,0,0x1202f,3,2
9620,9226656,6,4,0
9620,9347984,2,0,4
9620,9370281,6,4,0
9620,9453156,2,0,4
9620,9475500,7,4,0x80220200,,0,0x1202f,3,2
9620,9502484,6,4,0
9620,9599359,2,0,4
9620,9621656,6,4,0
9620,9682250,2,0,4
9620,9704562,7,4,0x80220200,,0,0x1202f,3,2
9620,9731531,6,4,0
9620,9851765,2,0,4
9620,9871531,6,4,0
9620,9893281,2,0,4
9620,9913218,6,4,0
9620,9926937,2,0,4
9620,9947375,7,4,0x80220200,,0,0x1202f,3,2
9620,9974359,6,4,0
9630,76046,2,0,4
9630,95781,6,4,0
9630,117515,2,0,4
9630,137406,6,4,0
9630,151093,2,0,4
9630,171500,7,4,0x80220200,,0,0x1202f,3,2
9630,198453,6,4,0
9630,294484,2,0,4
9630,314218,6,4,0
9630,335968,2,0,4
9630,355843,6,4,0
9630,369531,2,0,4
9630,389937,7,4,0x80220200,,0,0x1202f,3,2
9630,416890,6,4,0
9630,512921,2,0,4
9630,532718,6,4,0
9630,554453,2,0,4
9630,574343,6,4,0
9630,588062,2,0,4
9630,608500,7,4,0x80220200,,0,0x1202f,3,2
9630,635453,6,4,0
9630,751484,2,0,4
9630,773781,6,4,0
9630,855921,2,0,4
9630,878250,7,4,0x80220200,,0,0x1202f,3,2
9630,905203,6,4,0
9630,1002046,2,0,4
9630,1024343,6,4,0
9630,1084921,2,0,4
9630,1107250,7,4,0x80220200,,0,0x1202f,3,2
9630,1134218,6,4,0
9630,1255484,2,0,4
9630,1277781,6,4,0
9630,1360625,2,0,4
9630,1382937,7,4,0x80220200,,0,0x1202f,3,2
9630,1409890,6,4,0
9630,1506796,2,0,4
9630,1529093,6,4,0
9630,1589656,2,0,4
9630,1611937,7,4,0x80220200,,0,0x1202f,3,2
9630,1638906,6,4,0
9630,1760171,2,0,4
9630,1782468,6,4,0
9630,1862453,2,0,4
9630,1884750,7,4,0x80220200,,0,0x1202f,3,2
9630,1911718,6,4,0
9630,2012484,2,0,4
9630,2032281,6,4,0
9630,2054015,2,0,4
9630,2073906,6,4,0
9630,2087625,2,0,4
9630,2108062,7,4,0x80220200,,0,0x1202f,3,2
9630,2135015,6,4,0
9630,2231109,2,0,4
9630,2250906,6,4,0
9630,2272656,2,0,4
9630,2292593,6,4,0
9630,2306312,2,0,4
9630,2326750,7,4,0x80220200,,0,0x1202f,3,2
9630,2353703,6,4,0
9630,2472078,2,0,4
9630,2491843,6,4,0
9630,2513578,2,0,4
9630,2533468,6,4,0
9630,2547187,2,0,4
9630,2567625,7,4,0x80220200,,0,0x1202f,3,2
9630,2594578,6,4,0
9630,2690671,2,0,4
9630,2710468,6,4,0
9630,2732218,2,0,4
9630,2752156,6,4,0
9630,2765875,2,0,4
9630,2786312,7,4,0x80220200,,0,0x1202f,3,2
9630,2813281,6,4,0
9630,2919234,2,0,4
9630,2941531,6,4,0
9630,3002109,2,0,4
9630,3024437,7,4,0x80220200,,0,0x1202f,3,2
9630,3051390,6,4,0
9630,3172671,2,0,4
9630,3194968,6,4,0
9630,3279984,2,0,4
9630,3302312,7,4,0x80220200,,0,0x1202f,3,2
9630,3329265,6,4,0
9630,3426109,2,0,4
9630,3448406,6,4,0
9630,3508984,2,0,4
9630,3531312,7,4,0x80220200,,0,0x1202f,3,2
9630,3558281,6,4,0
9630,3679609,2,0,4
9630,3701906,6,4,0
9630,3781890,2,0,4
9630,3804187,7,4,0x80220200,,0,0x1202f,3,2
9630,3831140,6,4,0
9630,3927984,2,0,4
9630,3950281,6,4,0
9630,4010843,2,0,4
9630,4033125,7,4,0x80220200,,0,0x1202f,3,2
9630,4060093,6,4,0
9630,4180328,2,0,4
9630,4200093,6,4,0
9630,4221812,2,0,4
9630,4241718,6,4,0
9630,4255437,2,0,4
9630,4275875,7,4,0x80220200,,0,0x1202f,3,2
9630,4302828,6,4,0
9630,4398921,2,0,4
9630,4418718,6,4,0
9630,4440468,2,0,4
9630,4460406,6,4,0
9630,4474109,2,0,4
9630,4494562,7,4,0x80220200,,0,0x1202f,3,2
9630,4521531,6,4,0
9630,4617609,2,0,4
9630,4637406,6,4,0
9630,4659171,2,0,4
9630,4679093,6,4,0
9630,4692796,2,0,4
9630,4713250,7,4,0x80220200,,0,0x1202f,3,2
9630,4740218,6,4,0
9630,4836296,2,0,4
9630,4856093,6,4,0
9630,4877843,2,0,4
9630,4897718,6,4,0
9630,4911437,2,0,4
9630,4931875,7,4,0x80220200,,0,0x1202f,3,2
9630,4958828,6,4,0
9630,5087078,2,0,4
9630,5109343,6,4,0
9630,5194359,2,0,4
9630,5216687,7,4,0x80220200,,0,0x1202f,3,2
9630,5243656,6,4,0
9630,5340484,2,0,4
9630,5362781,6,4,0
9630,5423359,2,0,4
9630,5445687,7,4,0x80220200,,0,0x1202f,3,2
9630,5472640,6,4,0
9630,5588953,2,0,4
9630,5611218,6,4,0
9630,5694046,2,0,4
9630,5716375,7,4,0x80220200,,0,0x1202f,3,2
9630,5743328,6,4,0
9630,5840234,2,0,4
9630,5862531,6,4,0
9630,5923093,2,0,4
9630,5945375,7,4,0x80220200,,0,0x1202f,3,2
9630,5972343,6,4,0
9630,6096484,2,0,4
9630,6118718,6,4,0
9630,6200843,2,0,4
9630,6223187,7,4,0x80220200,,0,0x1202f,3,2
9630,6250156,6,4,0
9630,6350921,2,0,4
9630,6370718,6,4,0
9630,6392468,2,0,4
9630,6412406,6,4,0
9630,6426125,2,0,4
9630,6446562,7,4,0x80220200,,0,0x1202f,3,2
9630,6473515,6,4,0
9630,6596921,2,0,4
9630,6616718,6,4,0
9630,6640640,2,0,4
9630,6660531,6,4,0
9630,6674250,2,0,4
9630,6694687,7,4,0x80220200,,0,0x1202f,3,2
9630,6721640,6,4,0
9630,6817734,2,0,4
9630,6837468,6,4,0
9630,6859218,2,0,4
9630,6879156,6,4,0
9630,6892875,2,0,4
9630,6913312,7,4,0x80220200,,0,0x1202f,3,2
9630,6940265,6,4,0
9630,7036359,2,0,4
9630,7056156,6,4,0
9630,7077921,2,0,4
9630,7097781,6,4,0
9630,7111484,2,0,4
9630,7131937,7,4,0x80220200,,0,0x1202f,3,2
9630,7158906,6,4,0
9630,7264859,2,0,4
9630,7287156,6,4,0
9630,7347718,2,0,4
9630,7370000,7,4,0x80220200,,0,0x1202f,3,2
9630,7396953,6,4,0
9630,7503859,2,0,4
9630,7526156,6,4,0
9630,7611171,2,0,4
9630,7633500,7,4,0x80220200,,0,0x1202f,3,2
9630,7660453,6,4,0
9630,7757296,2,0,4
9630,7779593,6,4,0
9630,7840171,2,0,4
9630,7862500,7,4,0x80220200,,0,0x1202f,3,2
9630,7889468,6,4,0
9630,8005828,2,0,4
9630,8028093,6,4,0
9630,8110906,2,0,4
9630,8133250,7,4,0x80220200,,0,0x1202f,3,2
9630,8160203,6,4,0
9630,8257046,2,0,4
9630,8279343,6,4,0
9630,8339906,2,0,4
9630,8362187,7,4,0x80220200,,0,0x1202f,3,2
9630,8389156,6,4,0
9630,8512203,2,0,4
9630,8531968,6,4,0
9630,8553718,2,0,4
9630,8573656,6,4,0
9630,8587375,2,0,4
9630,8607812,7,4,0x80220200,,0,0x1202f,3,2
9630,8634781,6,4,0
9630,8730859,2,0,4
9630,8750656,6,4,0
9630,8772437,2,0,4
9630,8792343,6,4,0
9630,8806062,2,0,4
9630,8826500,7,4,0x80220200,,0,0x1202f,3,2
9630,8853484,6,4,0
9630,8949546,2,0,4
9630,8969343,6,4,0
9630,8991125,2,0,4
9630,9011031,6,4,0
9630,9024750,2,0,4
9630,9045187,7,4,0x80220200,,0,0x1202f,3,2
9630,9072140,6,4,0
9630,9168234,2,0,4
9630,9188031,6,4,0
9630,9209796,2,0,4
9630,9229718,6,4,0
9630,9243453,2,0,4
9630,9263875,7,4,0x80220200,,0,0x1202f,3,2
9630,9290843,6,4,0
9630,9419078,2,0,4
9630,9441406,6,4,0
9630,9523546,2,0,4
9630,9545875,7,4,0x80220200,,0,0x1202f,3,2
9630,9572859,6,4,0
9630,9669671,2,0,4
9630,9691968,6,4,0
9630,9752562,2,0,4
9630,9774875,7,4,0x80220200,,0,0x1202f,3,2
9630,9801843,6,4,0
9630,9923109,2,0,4
9630,9945406,6,4,0
9640,27812,2,0,4
9640,50062,7,4,0x80220200,,0,0x1202f,3,2
9640,77015,6,4,0
9640,173859,2,0,4
9640,196156,6,4,0
9640,256718,2,0,4
9640,279000,7,4,0x80220200,,0,0x1202f,3,2
9640,305937,6,4,0
9640,422203,2,0,4
9640,444468,6,4,0
9640,527281,2,0,4
9640,549562,7,4,0x80220200,,0,0x1202f,3,2
9640,576515,6,4,0
9640,677296,2,0,4
9640,697093,6,4,0
9640,718859,2,0,4
9640,738781,6,4,0
9640,752484,2,0,4
9640,772937,7,4,0x80220200,,0,0x1202f,3,2
9640,799906,6,4,0
9640,930484,2,0,4
9640,950281,6,4,0
9640,972031,2,0,4
9640,991968,6,4,0
9640,1005671,2,0,4
9640,1026125,7,4,0x80220200,,0,0x1202f,3,2
9640,1053093,6,4,0
9640,1149171,2,0,4
9640,1168968,6,4,0
9640,1190734,2,0,4
9640,1210656,6,4,0
9640,1224359,2,0,4
9640,1244812,7,4,0x80220200,,0,0x1202f,3,2
9640,1271781,6,4,0
9640,1367859,2,0,4
9640,1387656,6,4,0
9640,1409406,2,0,4
9640,1429281,6,4,0
9640,1443000,2,0,4
9640,1463437,7,4,0x80220200,,0,0x1202f,3,2
9640,1490390,6,4,0
9640,1596359,2,0,4
9640,1618656,6,4,0
9640,1679234,2,0,4
9640,1701562,7,4,0x80220200,,0,0x1202f,3,2
9640,1728531,6,4,0
9640,1835421,2,0,4
9640,1857656,6,4,0
9640,1939828,2,0,4
9640,1962125,7,4,0x80220200,,0,0x1202f,3,2
9640,1989093,6,4,0
9640,2085921,2,0,4
9640,2108218,6,4,0
9640,2168781,2,0,4
9640,2191062,7,4,0x80220200,,0,0x1202f,3,2
9640,2218015,6,4,0
9640,2339359,2,0,4
9640,2361656,6,4,0
9640,2441640,2,0,4
9640,2463937,7,4,0x80220200,,0,0x1202f,3,2
9640,2490906,6,4,0
9640,2587734,2,0,4
9640,2610031,6,4,0
9640,2670609,2,0,4
9640,2692937,7,4,0x80220200,,0,0x1202f,3,2
9640,2719890,6,4,0
9640,2840140,2,0,4
9640,2859906,6,4,0
9640,2881640,2,0,4
9640,2901531,6,4,0
9640,2915234,2,0,4
9640,2935687,7,4,0x80220200,,0,0x1202f,3,2
9640,2962656,6,4,0
9640,3058734,2,0,4
9640,3078531,6,4,0
9640,3100296,2,0,4
9640,3120218,6,4,0
9640,3133937,2,0,4
9640,3154375,7,4,0x80220200,,0,0x1202f,3,2
9640,3181328,6,4,0
9640,3277421,2,0,4
9640,3297156,6,4,0
9640,3318906,2,0,4
9640,3338843,6,4,0
9640,3352562,2,0,4
9640,3373000,7,4,0x80220200,,0,0x1202f,3,2
9640,3399953,6,4,0
9640,3496046,2,0,4
9640,3515843,6,4,0
9640,3537609,2,0,4
9640,3557531,6,4,0
9640,3571234,2,0,4
9640,3591687,7,4,0x80220200,,0,0x1202f,3,2
9640,3618656,6,4,0
9640,3746890,2,0,4
9640,3769156,6,4,0
9640,3851328,2,0,4
9640,3873625,7,4,0x80220200,,0,0x1202f,3,2
9640,3900578,6,4,0
9640,3997421,2,0,4
9640,4019718,6,4,0
9640,4080281,2,0,4
9640,4102562,7,4,0x80220200,,0,0x1202f,3,2
9640,4129531,6,4,0
9640,4253671,2,0,4
9640,4275968,6,4,0
9640,4358093,2,0,4
9640,4380375,7,4,0x80220200,,0,0x1202f,3,2
9640,4407343,6,4,0
9640,4504234,2,0,4
9640,4526531,6,4,0
9640,4587093,2,0,4
9640,4609437,7,4,0x80220200,,0,0x1202f,3,2
9640,4636390,6,4,0
9640,4752703,2,0,4
9640,4774968,6,4,0
9640,4857796,2,0,4
9640,4880125,7,4,0x80220200,,0,0x1202f,3,2
9640,4907078,6,4,0
9640,5007859,2,0,4
9640,5027656,6,4,0
9640,5049421,2,0,4
9640,5069343,6,4,0
9640,5083046,2,0,4
9640,5103500,7,4,0x80220200,,0,0x1202f,3,2
9640,5130468,6,4,0
9640,5258171,2,0,4
9640,5277968,6,4,0
9640,5299734,2,0,4
9640,5319656,6,4,0
9640,5333359,2,0,4
9640,5353812,7,4,0x80220200,,0,0x1202f,3,2
9640,5380781,6,4,0
9640,5476859,2,0,4
9640,5496656,6,4,0
9640,5518421,2,0,4
9640,5538343,6,4,0
9640,5552046,2,0,4
9640,5572500,7,4,0x80220200,,0,0x1202f,3,2
9640,5599437,6,4,0
9640,5695484,2,0,4
9640,5715281,6,4,0
9640,5737031,2,0,4
9640,5756968,6,4,0
9640,5770687,2,0,4
9640,5791125,7,4,0x80220200,,0,0x1202f,3,2
9640,5818078,6,4,0
9640,5924046,2,0,4
9640,5946343,6,4,0
9640,6006921,2,0,4
9640,6029250,7,4,0x80220200,,0,0x1202f,3,2
9640,6056218,6,4,0
9640,6165265,2,0,4
9640,6187531,6,4,0
9640,6267515,2,0,4
9640,6289812,7,4,0x80220200,,0,0x1202f,3,2
9640,6316781,6,4,0
9640,6413609,2,0,4
9640,6435906,6,4,0
9640,6496468,2,0,4
9640,6518750,7,4,0x80220200,,0,0x1202f,3,2
9640,6545703,6,4,0
9640,6669921,2,0,4
9640,6692218,6,4,0
9640,6774343,2,0,4
9640,6796625,7,4,0x80220200,,0,0x1202f,3,2
9640,6823593,6,4,0
9640,6920421,2,0,4
9640,6942718,6,4,0
9640,7003296,2,0,4
9640,7025625,7,4,0x80220200,,0,0x1202f,3,2
9640,7052578,6,4,0
9640,7172828,2,0,4
9640,7192593,6,4,0
9640,7214328,2,0,4
9640,7234218,6,4,0
9640,7247921,2,0,4
9640,7268375,7,4,0x80220200,,0,0x1202f,3,2
9640,7295343,6,4,0
9640,7391421,2,0,4
9640,7411218,6,4,0
9640,7432968,2,0,4
9640,7452843,6,4,0
9640,7466562,2,0,4
9640,7487000,7,4,0x80220200,,0,0x1202f,3,2
9640,7513953,6,4,0
9640,7610046,2,0,4
9640,7629843,6,4,0
9640,7651593,2,0,4
9640,7671531,6,4,0
9640,7685234,2,0,4
9640,7705687,7,4,0x80220200,,0,0x1202f,3,2
9640,7732656,6,4,0
9640,7828734,2,0,4
9640,7848531,6,4,0
9640,7870296,2,0,4
9640,7890218,6,4,0
9640,7903921,2,0,4
9640,7924375,7,4,0x80220200,,0,0x1202f,3,2
9640,7951343,6,4,0
9640,8079578,2,0,4
9640,8101843,6,4,0
9640,8181828,2,0,4
9640,8204125,7,4,0x80220200,,0,0x1202f,3,2
9640,8231078,6,4,0
9640,8327921,2,0,4
9640,8350218,6,4,0
9640,8410781,2,0,4
9640,8433062,7,4,0x80220200,,0,0x1202f,3,2
9640,8460031,6,4,0
9640,8584171,2,0,4
9640,8606468,6,4,0
9640,8686453,2,0,4
9640,8708812,7,4,0x80220200,,0,0x1202f,3,2
9640,8735796,6,4,0
9640,8832671,2,0,4
9640,8854968,6,4,0
9640,8915546,2,0,4
9640,8937875,7,4,0x80220200,,0,0x1202f,3,2
9640,8964843,6,4,0
9640,9086109,2,0,4
9640,9108406,6,4,0
9640,9188406,2,0,4
9640,9210750,7,4,0x80220200,,0,0x1202f,3,2
9640,9237734,6,4,0
9640,9338546,2,0,4
9640,9358343,6,4,0
9640,9380125,2,0,4
9640,9400031,6,4,0
9640,9413750,2,0,4
9640,9434187,7,4,0x80220200,,0,0x1202f,3,2
9640,9461171,6,4,0
9640,9588859,2,0,4
9640,9608656,6,4,0
9640,9630437,2,0,4
9640,9650343,6,4,0
9640,9664062,2,0,4
9640,9684500,7,4,0x80220200,,0,0x1202f,3,2
9640,9711484,6,4,0
9640,9807546,2,0,4
9640,9827343,6,4,0
9640,9849125,2,0,4
9640,9869031,6,4,0
9640,9882765,2,0,4
9640,9903250,7,4,0x80220200,,0,0x1202f,3,2
9640,9930218,6,4,0
9650,26546,2,0,4
9650,46281,6,4,0
9650,68031,2,0,4
9650,87906,6,4,0
9650,101593,2,0,4
9650,122000,7,4,0x80220200,,0,0x1202f,3,2
9650,148953,6,4,0
9650,254859,2,0,4
9650,277156,6,4,0
9650,337703,2,0,4
9650,360000,7,4,0x80220200,,0,0x1202f,3,2
9650,386937,6,4,0
9650,493796,2,0,4
9650,516093,6,4,0
9650,601093,2,0,4
9650,623375,7,4,0x80220200,,0,0x1202f,3,2
9650,650328,6,4,0
9650,747171,2,0,4
9650,769468,6,4,0
9650,830046,2,0,4
9650,852375,7,4,0x80220200,,0,0x1202f,3,2
9650,879312,6,4,0
9650,1000609,2,0,4
9650,1022906,6,4,0
9650,1102890,2,0,4
9650,1125187,7,4,0x80220200,,0,0x1202f,3,2
9650,1152140,6,4,0
9650,1248984,2,0,4
9650,1271281,6,4,0
9650,1331843,2,0,4
9650,1354125,7,4,0x80220200,,0,0x1202f,3,2
9650,1381093,6,4,0
9650,1501328,2,0,4
9650,1521093,6,4,0
9650,1542812,2,0,4
9650,1562718,6,4,0
9650,1576437,2,0,4
9650,1596875,7,4,0x80220200,,0,0x1202f,3,2
9650,1623828,6,4,0
9650,1719921,2,0,4
9650,1739718,6,4,0
9650,1761484,2,0,4
9650,1781406,6,4,0
9650,1795109,2,0,4
9650,1815562,7,4,0x80220200,,0,0x1202f,3,2
9650,1842531,6,4,0
9650,1938609,2,0,4
9650,1958406,6,4,0
9650,1980171,2,0,4
9650,2000093,6,4,0
9650,2013812,2,0,4
9650,2034250,7,4,0x80220200,,0,0x1202f,3,2
9650,2061203,6,4,0
9650,2157296,2,0,4
9650,2177093,6,4,0
9650,2198843,2,0,4
9650,2218781,6,4,0
9650,2232500,2,0,4
9650,2252937,7,4,0x80220200,,0,0x1202f,3,2
9650,2279890,6,4,0
9650,2410296,2,0,4
9650,2432593,6,4,0
9650,2512578,2,0,4
9650,2534875,7,4,0x80220200,,0,0x1202f,3,2
9650,2561843,6,4,0
9650,2658671,2,0,4
9650,2680968,6,4,0
9650,2741546,2,0,4
9650,2763875,7,4,0x80220200,,0,0x1202f,3,2
9650,2790828,6,4,0
9650,2912109,2,0,4
9650,2934406,6,4,0
9650,3017265,2,0,4
9650,3039562,7,4,0x80220200,,0,0x1202f,3,2
9650,3066515,6,4,0
9650,3163421,2,0,4
9650,3185718,6,4,0
9650,3246296,2,0,4
9650,3268625,7,4,0x80220200,,0,0x1202f,3,2
9650,3295593,6,4,0
9650,3416859,2,0,4
9650,3439156,6,4,0
9650,3522000,2,0,4
9650,3544312,7,4,0x80220200,,0,0x1202f,3,2
9650,3571265,6,4,0
9650,3672046,2,0,4
9650,3691781,6,4,0
9650,3713531,2,0,4
9650,3733468,6,4,0
9650,3747187,2,0,4
9650,3767625,7,4,0x80220200,,0,0x1202f,3,2
9650,3794578,6,4,0
9650,3917984,2,0,4
9650,3937781,6,4,0
9650,3961687,2,0,4
9650,3981593,6,4,0
9650,3995312,2,0,4
9650,4015750,7,4,0x80220200,,0,0x1202f,3,2
9650,4042703,6,4,0
9650,4138796,2,0,4
9650,4158593,6,4,0
9650,4180343,2,0,4
9650,4200281,6,4,0
9650,4213984,2,0,4
9650,4234437,7,4,0x80220200,,0,0x1202f,3,2
9650,4261406,6,4,0
9650,4357484,2,0,4
9650,4377281,6,4,0
9650,4399046,2,0,4
9650,4418968,6,4,0
9650,4432671,2,0,4
9650,4453125,7,4,0x80220200,,0,0x1202f,3,2
9650,4480093,6,4,0
9650,4586046,2,0,4
9650,4608343,6,4,0
9650,4668906,2,0,4
9650,4691187,7,4,0x80220200,,0,0x1202f,3,2
9650,4718156,6,4,0
9650,4827203,2,0,4
9650,4849468,6,4,0
9650,4929453,2,0,4
9650,4951750,7,4,0x80220200,,0,0x1202f,3,2
9650,4978718,6,4,0
9650,5075546,2,0,4
9650,5097843,6,4,0
9650,5158421,2,0,4
9650,5180750,7,4,0x80220200,,0,0x1202f,3,2
9650,5207703,6,4,0
9650,5326890,2,0,4
9650,5349156,6,4,0
9650,5434171,2,0,4
9650,5456500,7,4,0x80220200,,0,0x1202f,3,2
9650,5483453,6,4,0
9650,5580296,2,0,4
9650,5602593,6,4,0
9650,5663156,2,0,4
9650,5685437,7,4,0x80220200,,0,0x1202f,3,2
9650,5712406,6,4,0
9650,5832640,2,0,4
9650,5852406,6,4,0
9650,5874125,2,0,4
9650,5894031,6,4,0
9650,5907750,2,0,4
9650,5928187,7,4,0x80220200,,0,0x1202f,3,2
9650,5955140,6,4,0
9650,6051234,2,0,4
9650,6071031,6,4,0
9650,6092796,2,0,4
9650,6112718,6,4,0
9650,6126421,2,0,4
9650,6146875,7,4,0x80220200,,0,0x1202f,3,2
9650,6173843,6,4,0
9650,6269921,2,0,4
9650,6289718,6,4,0
9650,6311484,2,0,4
9650,6331406,6,4,0
9650,6345125,2,0,4
9650,6365562,7,4,0x80220200,,0,0x1202f,3,2
9650,6392515,6,4,0
9650,6488609,2,0,4
9650,6508343,6,4,0
9650,6530093,2,0,4
9650,6550031,6,4,0
9650,6563750,2,0,4
9650,6584187,7,4,0x80220200,,0,0x1202f,3,2
9650,6611140,6,4,0
9650,6739390,2,0,4
9650,6761656,6,4,0
9650,6843828,2,0,4
9650,6866125,7,4,0x80220200,,0,0x1202f,3,2
9650,6893093,6,4,0
9650,6989921,2,0,4
9650,7012218,6,4,0
9650,7072796,2,0,4
9650,7095125,7,4,0x80220200,,0,0x1202f,3,2
9650,7122078,6,4,0
9650,7243359,2,0,4
9650,7265656,6,4,0
9650,7348515,2,0,4
9650,7370812,7,4,0x80220200,,0,0x1202f,3,2
9650,7397765,6,4,0
9650,7494671,2,0,4
9650,7516968,6,4,0
9650,7577546,2,0,4
9650,7599875,7,4,0x80220200,,0,0x1202f,3,2
9650,7626843,6,4,0
9650,7743140,2,0,4
9650,7765406,6,4,0
9650,7848218,2,0,4
9650,7870562,7,4,0x80220200,,0,0x1202f,3,2
9650,7897515,6,4,0
9650,7998296,2,0,4
9650,8018093,6,4,0
9650,8039843,2,0,4
9650,8059781,6,4,0
9650,8073500,2,0,4
9650,8093937,7,4,0x80220200,,0,0x1202f,3,2
9650,8120890,6,4,0
9650,8248609,2,0,4
9650,8268406,6,4,0
9650,8290156,2,0,4
9650,8310031,6,4,0
9650,8323750,2,0,4
9650,8344187,7,4,0x80220200,,0,0x1202f,3,2
9650,8371140,6,4,0
9650,8467234,2,0,4
9650,8487031,6,4,0
9650,8508781,2,0,4
9650,8528718,6,4,0
9650,8542421,2,0,4
9650,8562875,7,4,0x80220200,,0,0x1202f,3,2
9650,8589843,6,4,0
9650,8685921,2,0,4
9650,8705718,6,4,0
9650,8727500,2,0,4
9650,8747406,6,4,0
9650,8761125,2,0,4
9650,8781562,7,4,0x80220200,,0,0x1202f,3,2
9650,8808546,6,4,0
9650,8914484,2,0,4
9650,8936781,6,4,0
9650,8997359,2,0,4
9650,9019687,7,4,0x80220200,,0,0x1202f,3,2
9650,9046671,6,4,0
9650,9155703,2,0,4
9650,9178031,6,4,0
9650,9260890,2,0,4
9650,9283187,7,4,0x80220200,,0,0x1202f,3,2
9650,9310171,6,4,0
9650,9406984,2,0,4
9650,9429281,6,4,0
9650,9489875,2,0,4
9650,9512187,7,4,0x80220200,,0,0x1202f,3,2
9650,9539156,6,4,0
9650,9660484,2,0,4
9650,9682781,6,4,0
9650,9760625,2,0,4
9650,9782937,7,4,0x80220200,,0,0x1202f,3,2
9650,9809906,6,4,0
9650,9906734,2,0,4
9650,9929031,6,4,0
9650,9989609,2,0,4
9660,18015,7,4,0x80220200,,0,0x1202f,3,2
9660,44921,6,4,0
9660,162921,2,0,4
9660,182656,6,4,0
9660,204406,2,0,4
9660,224281,6,4,0
9660,237968,2,0,4
9660,258375,7,4,0x80220200,,0,0x1202f,3,2
9660,285328,6,4,0
9660,381359,2,0,4
9660,401156,6,4,0
9660,422890,2,0,4
9660,442781,6,4,0
9660,456484,2,0,4
9660,476937,7,4,0x80220200,,0,0x1202f,3,2
9660,503875,6,4,0
9660,599921,2,0,4
9660,619718,6,4,0
9660,641468,2,0,4
9660,661406,6,4,0
9660,675109,2,0,4
9660,695562,7,4,0x80220200,,0,0x1202f,3,2
9660,722531,6,4,0
9660,818609,2,0,4
9660,838406,6,4,0
9660,860171,2,0,4
9660,880093,6,4,0
9660,893796,2,0,4
9660,914250,7,4,0x80220200,,0,0x1202f,3,2
9660,941218,6,4,0
9660,1069453,2,0,4
9660,1091718,6,4,0
9660,1173890,2,0,4
9660,1196187,7,4,0x80220200,,0,0x1202f,3,2
9660,1223140,6,4,0
9660,1319984,2,0,4
9660,1342281,6,4,0
9660,1402843,2,0,4
9660,1425125,7,4,0x80220200,,0,0x1202f,3,2
9660,1452093,6,4,0
9660,1573359,2,0,4
9660,1595593,6,4,0
9660,1675640,2,0,4
9660,1697937,7,4,0x80220200,,0,0x1202f,3,2
9660,1724906,6,4,0
9660,1821734,2,0,4
9660,1844031,6,4,0
9660,1904593,2,0,4
9660,1926875,7,4,0x80220200,,0,0x1202f,3,2
9660,1953828,6,4,0
9660,2075109,2,0,4
9660,2097406,6,4,0
9660,2182390,2,0,4
9660,2204687,7,4,0x80220200,,0,0x1202f,3,2
9660,2231656,6,4,0
9660,2332421,2,0,4
9660,2352218,6,4,0
9660,2373984,2,0,4
9660,2393906,6,4,0
9660,2407625,2,0,4
9660,2428062,7,4,0x80220200,,0,0x1202f,3,2
9660,2455015,6,4,0
9660,2580578,2,0,4
9660,2600343,6,4,0
9660,2622109,2,0,4
9660,2641968,6,4,0
9660,2655671,2,0,4
9660,2676125,7,4,0x80220200,,0,0x1202f,3,2
9660,2703093,6,4,0
9660,2799171,2,0,4
9660,2818968,6,4,0
9660,2840703,2,0,4
9660,2860593,6,4,0
9660,2874312,2,0,4
9660,2894750,7,4,0x80220200,,0,0x1202f,3,2
9660,2921703,6,4,0
9660,3017796,2,0,4
9660,3037593,6,4,0
9660,3059343,2,0,4
9660,3079281,6,4,0
9660,3093000,2,0,4
9660,3113437,7,4,0x80220200,,0,0x1202f,3,2
9660,3140390,6,4,0
9660,3246359,2,0,4
9660,3268656,6,4,0
9660,3329234,2,0,4
9660,3351562,7,4,0x80220200,,0,0x1202f,3,2
9660,3378515,6,4,0
9660,3487578,2,0,4
9660,3509843,6,4,0
9660,3587671,2,0,4
9660,3610000,7,4,0x80220200,,0,0x1202f,3,2
9660,3636953,6,4,0
9660,3733796,2,0,4
9660,3756093,6,4,0
9660,3816656,2,0,4
9660,3838937,7,4,0x80220200,,0,0x1202f,3,2
9660,3865906,6,4,0
9660,3987234,2,0,4
9660,4009531,6,4,0
9660,4094531,2,0,4
9660,4116812,7,4,0x80220200,,0,0x1202f,3,2
9660,4143781,6,4,0
9660,4240609,2,0,4
9660,4262906,6,4,0
9660,4323468,2,0,4
9660,4345812,7,4,0x80220200,,0,0x1202f,3,2
9660,4372765,6,4,0
9660,4493015,2,0,4
9660,4512781,6,4,0
9660,4534515,2,0,4
9660,4554406,6,4,0
9660,4568109,2,0,4
9660,4588562,7,4,0x80220200,,0,0x1202f,3,2
9660,4615500,6,4,0
9660,4711546,2,0,4
9660,4731343,6,4,0
9660,4753093,2,0,4
9660,4773031,6,4,0
9660,4786750,2,0,4
9660,4807187,7,4,0x80220200,,0,0x1202f,3,2
9660,4834140,6,4,0
9660,4930234,2,0,4
9660,4950031,6,4,0
9660,4971796,2,0,4
----
